Time	X	Y	Arm
0	-4.8508	-0.758647	0
0.1	-4.38486	-1.23206	0
0.2	-3.93647	-1.87034	0
0.3	-3.92006	-2.43263	0
0.4	-3.27036	-3.95025	0
0.5	-2.91196	-4.67335	0
0.6	-2.77774	-5.61479	-1
0.7	-2.73988	-6.15779	-1
0.8	-2.42808	-7.56929	-1
0.9	-2.37885	-8.44274	-1
1	-2.29801	-10.4551	-1
1.1	-1.93724	-10.8075	-1
1.2	-1.72924	-11.275	-1
1.3	-1.65882	-11.1097	-1
1.4	-1.30942	-11.3588	-1
1.5	-1.12202	-11.7659	-1
1.6	-1.05612	-11.6965	-1
1.7	-1.06122	-11.5117	-1
1.8	-0.797273	-11.4276	-1
1.9	-0.708992	-11.8161	-1
2	-0.838776	-12.7922	-1
2.1	-0.967831	-13.2152	-1
2.2	-1.11346	-15.3041	-1
2.3	-1.2175	-15.1751	-1
2.4	-1.14819	-16.0258	-1
2.5	-1.29417	-16.731	-1
2.6	-1.31751	-17.9388	-1
2.7	-1.19358	-18.4449	-1
2.8	-0.962491	-19.6001	-1
2.9	-0.927596	-19.7273	-1
3	-0.872451	-19.3103	-1
3.1	-0.813218	-19.4649	-1
3.2	-0.579	-21.6779	-1
3.3	-0.793583	-23.1559	-1
3.4	-0.466988	-25.6623	-1
3.5	-0.143217	-26.0005	-1
3.6	 	 	-1
3.7	 	 	-1
3.8	 	 	-1
3.9	 	 	-1
4	 	 	-1
4.1	 	 	-1
4.2	 	 	-1
4.3	 	 	-1
4.4	 	 	-1
4.5	 	 	-1
4.6	 	 	-1
4.7	 	 	-1
4.8	 	 	-1
4.9	 	 	-1
5	 	 	-1
5.1	 	 	-1
5.2	 	 	-1
5.3	 	 	-1
5.4	 	 	-1
5.5	 	 	-1
5.6	 	 	-1
5.7	 	 	-1
5.8	 	 	-1
5.9	 	 	-1
6	 	 	-1
6.1	 	 	-1
6.2	 	 	-1
6.3	 	 	-1
6.4	 	 	-1
6.5	 	 	-1
6.6	 	 	-1
6.7	 	 	-1
6.8	 	 	-1
6.9	 	 	-1
7	 	 	-1
7.1	 	 	-1
7.2	 	 	-1
7.3	 	 	-1
7.4	 	 	-1
7.5	 	 	-1
7.6	 	 	-1
7.7	 	 	-1
7.8	 	 	-1
7.9	 	 	-1
8	 	 	-1
8.1	 	 	-1
8.2	 	 	-1
8.3	 	 	-1
8.4	 	 	-1
8.5	 	 	-1
8.6	 	 	-1
8.7	 	 	-1
8.8	 	 	-1
8.9	 	 	-1
9	 	 	-1
9.1	 	 	-1
9.2	 	 	-1
9.3	 	 	-1
9.4	 	 	-1
9.5	 	 	-1
9.6	 	 	-1
9.7	 	 	-1
9.8	 	 	-1
9.9	 	 	-1
10	 	 	-1
10.1	 	 	-1
10.2	 	 	-1
10.3	 	 	-1
10.4	 	 	-1
10.5	 	 	-1
10.6	 	 	-1
10.7	 	 	-1
10.8	 	 	-1
10.9	 	 	-1
11	1.02884	-25.3485	-1
11.1	1.02226	-24.4801	-1
11.2	0.74402	-22.8215	-1
11.3	0.350741	-22.4962	-1
11.4	0.264476	-22.498	-1
11.5	0.393997	-21.7493	-1
11.6	0.44184	-21.0808	-1
11.7	0.788268	-19.7996	-1
11.8	0.791377	-19.7312	-1
11.9	0.688924	-19.7268	-1
12	0.710153	-19.7177	-1
12.1	0.66965	-19.6898	-1
12.2	0.675419	-19.6801	-1
12.3	0.705185	-19.5956	-1
12.4	0.718447	-19.6405	-1
12.5	0.709239	-19.5391	-1
12.6	0.723802	-19.5947	-1
12.7	0.68358	-19.5019	-1
12.8	0.795486	-19.4429	-1
12.9	0.995536	-19.541	-1
13	1.03924	-20.7034	-1
13.1	0.985025	-20.183	-1
13.2	1.11258	-20.483	-1
13.3	1.23322	-20.5907	-1
13.4	1.45923	-20.0757	-1
13.5	 	 	-1
13.6	 	 	-1
13.7	 	 	-1
13.8	 	 	-1
13.9	 	 	-1
14	 	 	-1
14.1	 	 	-1
14.2	1.10976	-20.1443	-1
14.3	1.24191	-19.9675	-1
14.4	0.680215	-19.1821	-1
14.5	0.638635	-18.2712	-1
14.6	0.623154	-16.9948	-1
14.7	0.546494	-16.6955	-1
14.8	0.238467	-15.3596	-1
14.9	-0.0154801	-14.5981	-1
15	-0.337456	-14.4427	-1
15.1	-0.29207	-14.6948	-1
15.2	-0.292258	-14.9233	-1
15.3	-0.300977	-14.9077	-1
15.4	-0.147855	-14.7623	-1
15.5	-0.0938053	-14.1225	-1
15.6	0.215103	-13.5233	-1
15.7	0.304186	-13.7596	-1
15.8	0.243904	-13.9567	-1
15.9	0.225884	-13.8023	-1
16	0.223273	-13.862	-1
16.1	0.211604	-13.8225	-1
16.2	0.217675	-13.5643	-1
16.3	0.197366	-13.6619	-1
16.4	0.20277	-13.837	-1
16.5	0.0935867	-13.726	-1
16.6	0.0972099	-13.8194	-1
16.7	0.283397	-14.1549	-1
16.8	0.312154	-14.0146	-1
16.9	0.33074	-14.0476	-1
17	0.48729	-14.0589	-1
17.1	0.439931	-14.0013	-1
17.2	0.376119	-13.8548	-1
17.3	0.248248	-13.4331	-1
17.4	-0.0579222	-13.3989	-1
17.5	-0.134649	-13.2595	-1
17.6	-0.0874491	-13.126	-1
17.7	-0.0488998	-13.1696	-1
17.8	0.0428746	-13.1762	-1
17.9	0.185227	-13.0492	-1
18	0.15	-12.7993	-1
18.1	0.0397529	-12.5744	-1
18.2	-0.0725196	-12.3407	-1
18.3	-0.123111	-11.6299	-1
18.4	-0.215282	-11.7804	-1
18.5	-0.231029	-11.8214	-1
18.6	-0.400382	-11.6944	-1
18.7	-0.44228	-11.6996	-1
18.8	-0.779245	-10.8774	-1
18.9	-0.898999	-10.4013	-1
19	-1.24855	-9.81697	-1
19.1	-1.42438	-9.59713	-1
19.2	-1.47277	-9.36554	-1
19.3	-1.39361	-9.46968	-1
19.4	-1.35181	-9.13792	-1
19.5	-1.34487	-8.68918	-1
19.6	-1.25209	-7.26325	-1
19.7	-1.34281	-6.74883	-1
19.8	-1.4625	-6.49929	-1
19.9	-1.4893	-6.34208	-1
20	-1.54084	-6.24675	-1
20.1	-1.57821	-6.13486	-1
20.2	-1.47246	-5.84611	-1
20.3	-1.43226	-5.94113	-1
20.4	-1.60833	-6.04817	-1
20.5	-1.7058	-6.04172	-1
20.6	-1.85933	-6.10378	-1
20.7	-1.92798	-6.16168	-1
20.8	-1.95253	-6.10085	-1
20.9	-1.92158	-6.1515	-1
21	-1.79679	-6.21363	-1
21.1	-1.67743	-6.16844	-1
21.2	-1.37948	-6.70302	-1
21.3	-1.15903	-6.99167	-1
21.4	-0.788757	-6.60621	-1
21.5	-0.769493	-6.1628	-1
21.6	-0.775448	-5.78664	-1
21.7	-0.971762	-5.47521	-1
21.8	-1.06724	-5.71362	-1
21.9	-1.16218	-5.97787	-1
22	-1.35216	-6.70629	-1
22.1	-1.17143	-7.82508	-1
22.2	-0.920175	-9.23302	-1
22.3	-0.103105	-11.0278	-1
22.4	0.215019	-12.254	-1
22.5	0.403129	-12.5296	-1
22.6	0.348519	-12.5781	-1
22.7	0.159731	-12.6171	-1
22.8	0.0535744	-12.7078	-1
22.9	-0.166065	-11.9627	-1
23	-0.467541	-11.4827	-1
23.1	-0.624863	-11.2696	-1
23.2	-1.04738	-10.862	-1
23.3	-1.07365	-10.8321	-1
23.4	-1.0937	-10.7436	-1
23.5	-0.988201	-10.7677	-1
23.6	0.0304112	-12.1582	-1
23.7	0.246033	-13.0421	-1
23.8	0.484918	-13.9167	-1
23.9	0.732611	-14.166	-1
24	0.727851	-15.1022	-1
24.1	0.678826	-15.9664	-1
24.2	0.584855	-16.4098	-1
24.3	0.0131169	-16.806	-1
24.4	-0.533181	-17.0632	-1
24.5	-0.852462	-17.1611	-1
24.6	-0.794479	-17.0301	-1
24.7	 	 	-1
24.8	 	 	-1
24.9	 	 	-1
25	 	 	-1
25.1	 	 	-1
25.2	-0.177361	-16.9448	-1
25.3	-0.222236	-16.7349	-1
25.4	-0.352017	-16.4607	-1
25.5	0.29784	-16.3952	-1
25.6	0.0929155	-14.8621	-1
25.7	-0.0920541	-14.0751	-1
25.8	-0.114342	-12.8387	-1
25.9	-0.0951613	-12.3164	-1
26	-0.00544776	-11.7051	-1
26.1	0.506096	-10.4103	-1
26.2	0.997274	-9.94472	-1
26.3	1.18379	-9.64622	-1
26.4	1.32193	-8.93877	-1
26.5	1.4336	-8.56646	-1
26.6	1.48557	-8.05945	-1
26.7	1.50062	-6.96089	-1
26.8	1.83905	-6.57883	-1
26.9	1.96517	-6.63689	-1
27	2.17608	-6.41151	-1
27.1	2.32687	-6.15253	-1
27.2	2.66192	-5.8024	-1
27.3	2.91581	-5.47108	-1
27.4	3.53268	-5.03625	-1
27.5	3.63806	-4.78192	0
27.6	3.67971	-4.32198	0
27.7	3.99287	-3.94392	0
27.8	4.34717	-3.65861	0
27.9	4.60476	-3.50841	0
28	4.79133	-3.3737	0
28.1	5.18794	-3.16138	1
28.2	5.11468	-3.3635	1
28.3	4.93773	-3.60978	0
28.4	4.70012	-3.94542	0
28.5	4.63166	-3.97758	0
28.6	4.58776	-4.01988	0
28.7	4.33263	-4.22507	0
28.8	4.32354	-4.2072	0
28.9	4.27384	-4.36954	0
29	4.17318	-4.59083	0
29.1	3.9922	-4.94087	0
29.2	3.79933	-5.03398	-1
29.3	3.25768	-4.88151	0
29.4	2.91888	-4.57508	0
29.5	2.6992	-4.75815	0
29.6	2.06639	-4.4206	0
29.7	1.83107	-4.20335	0
29.8	1.22138	-2.61217	0
29.9	0.715672	-2.07531	0
30	0.244656	-2.39427	0
30.1	-0.0766238	-2.55544	0
30.2	-0.643291	-2.66575	0
30.3	-0.940086	-2.66496	0
30.4	-1.65556	-2.40233	0
30.5	-1.86747	-2.5431	0
30.6	-1.75986	-2.66842	0
30.7	-1.8027	-2.63837	0
30.8	-2.08732	-2.4693	0
30.9	-2.14573	-2.35632	0
31	-2.50906	-2.02712	0
31.1	-2.64117	-2.09201	0
31.2	-2.88406	-1.83129	0
31.3	-2.97069	-1.70268	0
31.4	-3.25096	-1.33235	0
31.5	-3.30589	-1.29997	0
31.6	-3.44437	-1.21814	0
31.7	-3.55453	-1.03288	0
31.8	-3.58856	-0.89587	0
31.9	-4.02318	-0.653966	0
32	-4.50589	-0.903142	0
32.1	-4.66889	-0.834304	0
32.2	-4.95778	-0.685373	0
32.3	-5.04342	-0.727207	1
32.4	-5.17625	-0.644136	1
32.5	-5.04799	-0.843204	1
32.6	-5.18856	-0.776604	1
32.7	-5.24257	-0.671322	1
32.8	-5.30486	-0.597833	1
32.9	-5.39735	-0.519048	1
33	-5.41021	-0.530057	1
33.1	-5.39189	-0.523958	1
33.2	-5.47603	-0.454994	1
33.3	-5.48712	-0.509256	1
33.4	-5.45666	-0.537443	1
33.5	-5.45412	-0.526679	1
33.6	-5.47483	-0.517719	1
33.7	-5.48632	-0.505524	1
33.8	-5.50944	-0.498598	1
33.9	-5.51102	-0.515046	1
34	-5.45231	-0.52449	1
34.1	-5.45236	-0.508967	1
34.2	-5.49195	-0.456492	1
34.3	-5.59231	-0.426811	1
34.4	-6.27547	-0.149526	1
34.5	-6.77792	0.0342534	1
34.6	-7.17004	0.34364	1
34.7	-7.38522	0.213968	1
34.8	-7.93559	0.248274	1
34.9	-8.0956	0.286161	1
35	-8.29864	0.293056	1
35.1	-8.56916	0.398917	1
35.2	-8.79377	0.40195	1
35.3	-8.48919	0.243936	1
35.4	-8.14831	0.106177	1
35.5	-7.3698	-0.260404	1
35.6	-6.42963	-0.412339	1
35.7	-6.19534	-0.562379	1
35.8	-5.85331	-0.685433	1
35.9	-5.67913	-0.729978	1
36	-5.52509	-0.898687	1
36.1	-5.50968	-0.842226	1
36.2	-5.52254	-0.846354	1
36.3	-5.42191	-0.949044	1
36.4	-5.38221	-0.88952	1
36.5	-5.32622	-0.952798	1
36.6	-5.36628	-1.00614	1
36.7	-5.31322	-1.09692	1
36.8	-5.19636	-1.18512	1
36.9	-5.11916	-1.19458	1
37	-5.13448	-1.1188	1
37.1	-5.12123	-1.12871	1
37.2	-5.06227	-1.11703	1
37.3	-5.05292	-1.1059	1
37.4	-5.09686	-1.00044	1
37.5	-5.06554	-1.00748	1
37.6	-5.17421	-1.01355	1
37.7	-5.12599	-1.05118	1
37.8	-5.04791	-0.96755	1
37.9	-4.98911	-0.969481	0
38	-5.0595	-0.957365	1
38.1	-5.11179	-0.97576	1
38.2	-4.92514	-0.968406	0
38.3	-4.87412	-0.858041	0
38.4	-4.7218	-0.829906	0
38.5	-4.49538	-0.917437	0
38.6	-4.44402	-1.22197	0
38.7	-4.59853	-1.17098	0
38.8	-4.76569	-1.27642	0
38.9	-4.50373	-1.3842	0
39	-4.29807	-1.38961	0
39.1	-3.83411	-1.01951	0
39.2	-3.64822	-0.636301	0
39.3	-3.63134	-0.320752	0
39.4	-3.25414	0.843298	0
39.5	-2.79403	1.55292	0
39.6	-2.72662	1.77519	0
39.7	-2.48034	2.27481	0
39.8	-2.1987	2.79969	0
39.9	-1.90288	3.21059	0
40	-1.18762	3.63282	0
40.1	-0.93187	4.29367	0
40.2	-0.471939	5.3315	-1
40.3	0.709524	7.70887	-1
40.4	0.877307	8.68367	-1
40.5	0.753922	9.25383	-1
40.6	0.581506	9.4218	-1
40.7	0.644307	9.7747	-1
40.8	0.657553	10.2205	-1
40.9	0.53505	11.5372	-1
41	0.552754	13.8488	-1
41.1	0.794574	15.2105	-1
41.2	1.14563	18.5583	-1
41.3	1.29895	20.422	-1
41.4	0.970296	21.9623	-1
41.5	0.125952	24.9947	-1
41.6	-0.114183	27.9884	-1
41.7	0.211162	29.4537	-1
41.8	0.514059	33.9603	-1
41.9	0.38097	36.2767	-1
42	-0.432366	40.0244	-1
42.1	-0.621463	41.4602	-1
42.2	-0.166499	44.2447	-1
42.3	0.0501116	45.5898	-1
42.4	0.26059	47.2839	-1
42.5	0.123313	48.1432	-1
42.6	-0.357626	49.5384	-1
42.7	 	 	-1
42.8	 	 	-1
42.9	 	 	-1
43	 	 	-1
43.1	 	 	-1
43.2	 	 	-1
43.3	 	 	-1
43.4	 	 	-1
43.5	 	 	-1
43.6	0.407071	49.4538	-1
43.7	0.415625	48.8952	-1
43.8	0.439184	48.6829	-1
43.9	0.605419	48.4113	-1
44	0.673991	48.3823	-1
44.1	0.767764	48.5487	-1
44.2	0.748797	48.5787	-1
44.3	0.706255	48.5704	-1
44.4	0.645296	48.7389	-1
44.5	0.725744	48.6518	-1
44.6	0.762267	48.5858	-1
44.7	0.95516	48.5617	-1
44.8	1.01541	48.578	-1
44.9	1.00603	48.625	-1
45	0.981979	48.5548	-1
45.1	0.93387	48.4756	-1
45.2	0.833778	48.5502	-1
45.3	0.711111	48.7507	-1
45.4	0.631779	48.8067	-1
45.5	0.515583	48.4858	-1
45.6	0.34946	48.4121	-1
45.7	0.0260638	48.5317	-1
45.8	-0.0483245	48.7032	-1
45.9	0.0389761	48.8682	-1
46	-0.0306156	48.819	-1
46.1	0.0665138	49.3648	-1
46.2	 	 	-1
46.3	 	 	-1
46.4	 	 	-1
46.5	 	 	-1
46.6	 	 	-1
46.7	 	 	-1
46.8	 	 	-1
46.9	 	 	-1
47	 	 	-1
47.1	 	 	-1
47.2	 	 	-1
47.3	 	 	-1
47.4	 	 	-1
47.5	 	 	-1
47.6	 	 	-1
47.7	 	 	-1
47.8	 	 	-1
47.9	 	 	-1
48	 	 	-1
48.1	 	 	-1
48.2	 	 	-1
48.3	 	 	-1
48.4	 	 	-1
48.5	 	 	-1
48.6	 	 	-1
48.7	 	 	-1
48.8	 	 	-1
48.9	 	 	-1
49	 	 	-1
49.1	 	 	-1
49.2	 	 	-1
49.3	-0.432203	49.8319	-1
49.4	-0.13642	49.3765	-1
49.5	0.195638	48.6189	-1
49.6	0.234557	47.919	-1
49.7	0.72762	45.4842	-1
49.8	1.09231	43.9378	-1
49.9	1.36718	40.4493	-1
50	1.40043	38.7387	-1
50.1	1.74827	35.6321	-1
50.2	1.73081	34.1651	-1
50.3	1.28237	31.3851	-1
50.4	0.904615	29.9666	-1
50.5	0.240017	27.6039	-1
50.6	0.0371099	26.5307	-1
50.7	0.606536	24.7622	-1
50.8	0.768964	24.566	-1
50.9	0.839797	23.8801	-1
51	0.850965	23.3552	-1
51.1	1.07737	22.8858	-1
51.2	1.18075	22.61	-1
51.3	0.974484	22.0785	-1
51.4	0.868733	21.9554	-1
51.5	0.698605	21.2356	-1
51.6	0.718818	21.0857	-1
51.7	0.690996	20.533	-1
51.8	0.684589	20.2306	-1
51.9	0.607257	19.9575	-1
52	0.513704	19.6157	-1
52.1	0.256632	18.9927	-1
52.2	0.209236	18.41	-1
52.3	0.478825	17.6858	-1
52.4	0.602703	17.3536	-1
52.5	0.783793	17.0823	-1
52.6	0.76053	16.9553	-1
52.7	0.807972	16.6532	-1
52.8	0.833524	16.515	-1
52.9	0.827601	16.4024	-1
53	0.810649	16.2061	-1
53.1	0.833136	15.8903	-1
53.2	0.824519	15.8889	-1
53.3	0.930453	15.3481	-1
53.4	1.04388	15.2263	-1
53.5	1.07302	14.0918	-1
53.6	0.71236	13.2679	-1
53.7	-0.057408	11.0995	-1
53.8	-0.353171	10.0939	-1
53.9	0.245852	8.52205	-1
54	0.552061	7.9454	-1
54.1	0.901679	6.80291	-1
54.2	1.07252	6.51626	-1
54.3	1.38934	6.46516	-1
54.4	1.56309	6.52777	-1
54.5	1.9171	6.46041	-1
54.6	2.02686	6.54349	-1
54.7	2.1809	6.89716	-1
54.8	2.30888	7.01265	-1
54.9	2.69209	7.26184	-1
55	2.71931	7.6233	-1
55.1	2.26271	8.15696	-1
55.2	2.22813	8.22543	-1
55.3	2.49895	7.99532	-1
55.4	2.5767	7.98406	-1
55.5	2.88605	7.94918	-1
55.6	2.97184	7.98572	-1
55.7	3.15707	8.00268	-1
55.8	3.21505	8.00997	-1
55.9	3.32601	8.04594	-1
56	3.28602	8.04539	-1
56.1	3.22346	8.1309	-1
56.2	2.85758	8.43629	-1
56.3	2.19116	8.86617	-1
56.4	1.8191	9.11736	-1
56.5	1.39499	9.54379	-1
56.6	1.34994	9.73459	-1
56.7	1.29804	9.85701	-1
56.8	0.929434	10.087	-1
56.9	1.31468	10.1419	-1
57	1.61059	9.53018	-1
57.1	1.69554	8.58222	-1
57.2	1.76837	8.22256	-1
57.3	2.20452	7.02655	-1
57.4	2.25106	6.81987	-1
57.5	2.28941	6.73769	-1
57.6	2.2209	6.65008	-1
57.7	2.10159	6.35716	-1
57.8	2.06683	6.18512	-1
57.9	2.02269	6.06631	-1
58	1.94976	5.92502	-1
58.1	1.89797	5.91837	-1
58.2	1.83965	5.53548	-1
58.3	1.36537	5.27201	-1
58.4	1.16928	5.14876	-1
58.5	1.28434	5.20169	-1
58.6	1.24895	5.14839	-1
58.7	1.08119	4.97361	0
58.8	0.991066	4.91291	0
58.9	0.885644	4.89062	0
59	0.839364	4.89201	0
59.1	0.72465	4.84979	0
59.2	0.693478	4.83467	0
59.3	0.357574	4.68033	0
59.4	0.271319	4.64319	0
59.5	0.0156261	4.52849	0
59.6	-0.21998	4.26983	0
59.7	-0.539145	3.82551	0
59.8	-1.05239	3.5554	0
59.9	-2.31153	3.03295	0
60	-2.84094	2.48359	0
60.1	-3.59011	1.74696	0
60.2	-3.50365	1.75052	0
60.3	-3.51506	1.63492	0
60.4	-3.73537	1.62183	0
60.5	-4.224	1.45281	0
60.6	-4.47336	1.38834	0
60.7	-4.63756	1.41913	0
60.8	-5.01616	1.32354	1
60.9	-5.7119	1.13202	1
61	-5.68426	1.05459	1
61.1	-5.63702	0.974909	1
61.2	-5.66994	0.985248	1
61.3	-5.56292	1.07241	1
61.4	-5.52484	1.0767	1
61.5	-5.22097	1.28497	1
61.6	-5.19985	1.2376	1
61.7	-5.31198	1.20551	1
61.8	-5.35474	1.12111	1
61.9	-5.62388	0.940257	1
62	-5.85232	0.798115	1
62.1	-6.43499	0.806986	1
62.2	-6.75826	0.789202	1
62.3	-7.26225	0.946178	1
62.4	-7.39971	0.981431	1
62.5	-7.33943	0.970517	1
62.6	-7.31463	0.933487	1
62.7	-7.9863	0.595249	1
62.8	-8.50293	0.397992	1
62.9	-9.57452	0.175507	1
63	-9.94321	0.0554198	1
63.1	-10.2466	-0.121544	1
63.2	-10.0615	-0.0847743	1
63.3	-9.24885	0.154224	1
63.4	-8.87607	0.25626	1
63.5	-7.6111	0.720999	1
63.6	-6.97461	0.819407	1
63.7	-5.35783	1.20068	1
63.8	-5.23974	1.31228	1
63.9	-5.33055	1.42885	1
64	-5.21822	1.49926	1
64.1	-5.16492	1.44326	1
64.2	-5.20118	1.27639	1
64.3	-5.29796	1.15551	1
64.4	-5.45959	1.11054	1
64.5	-5.40864	1.18115	1
64.6	-5.34549	1.17982	1
64.7	-5.3158	1.16231	1
64.8	-5.30351	1.12178	1
64.9	-5.26674	1.18769	1
65	-5.21849	1.15475	1
65.1	-5.2198	1.16443	1
65.2	-5.22402	1.16773	1
65.3	-5.18434	1.15972	1
65.4	-5.17515	1.15066	1
65.5	-5.07516	1.18503	1
65.6	-5.06488	1.23317	1
65.7	-5.04452	1.23099	1
65.8	-5.06471	1.19181	1
65.9	-5.14292	1.19279	1
66	-5.1369	1.24613	1
66.1	-5.0436	1.33336	1
66.2	-4.97444	1.3621	0
66.3	-4.72304	1.33131	0
66.4	-4.64492	1.29731	0
66.5	-4.88338	1.24486	0
66.6	-4.94612	1.24268	0
66.7	-5.20685	1.16774	1
66.8	-5.2415	1.13253	1
66.9	-5.41224	1.0262	1
67	-5.36091	1.05844	1
67.1	-5.33741	1.09604	1
67.2	-5.31487	1.11868	1
67.3	-5.09355	1.13759	1
67.4	-5.01948	1.11502	1
67.5	-5.17937	1.08649	1
67.6	-5.59047	0.90744	1
67.7	-5.77261	1.58053	1
67.8	-5.81056	1.89484	1
67.9	-5.4345	2.05856	1
68	-5.18109	1.99116	1
68.1	-5.5104	1.98479	1
68.2	-5.85253	1.92011	1
68.3	-6.44924	2.01354	1
68.4	-6.96028	2.01389	1
68.5	-8.44632	1.95803	1
68.6	-9.18916	1.86756	1
68.7	-10.0177	2.07684	1
68.8	-10.2464	2.10611	1
68.9	-10.559	2.16748	1
69	-10.8538	2.12462	1
69.1	-11.0963	2.05089	1
69.2	-11.1908	2.032	1
69.3	-11.3538	2.00272	1
69.4	-11.6451	2.10261	1
69.5	-10.9028	2.2187	1
69.6	-10.5081	2.2142	1
69.7	-10.4484	2.33529	1
69.8	-10.9576	2.47695	1
69.9	-10.8957	2.16765	1
70	-11.0147	2.18948	1
70.1	-13.1556	2.32122	1
70.2	-14.316	2.32898	1
70.3	-16.0373	2.40892	1
70.4	-16.2936	2.53469	1
70.5	-16.8138	2.71518	1
70.6	-17.8117	2.71151	1
70.7	-20.2749	2.69404	1
70.8	-21.3861	2.96261	1
70.9	-24.7541	2.6167	1
71	-25.1671	2.39653	1
71.1	-25.9087	2.08087	1
71.2	-26.2887	2.2059	1
71.3	-26.0567	2.28514	1
71.4	-26.7304	2.35186	1
71.5	-28.0819	2.39447	1
71.6	-28.3322	2.42681	1
71.7	-29.2271	2.38672	1
71.8	-30.0959	2.37806	1
71.9	-30.4798	1.73326	1
72	-31.8114	1.43693	1
72.1	-33.7594	1.06566	1
72.2	-34.3614	0.883822	1
72.3	-35.1151	0.709937	1
72.4	-35.2673	0.681247	1
72.5	-35.5183	0.669582	1
72.6	-35.7247	0.661491	1
72.7	-35.8598	0.630925	1
72.8	-35.8298	0.619265	1
72.9	-35.8553	0.62891	1
73	-35.6286	0.690585	1
73.1	-35.1748	0.717302	1
73.2	-34.0708	0.845659	1
73.3	-33.4105	0.909489	1
73.4	-33.0888	0.938922	1
73.5	-32.9917	0.960593	1
73.6	-33.3901	0.871923	1
73.7	-33.4238	0.818043	1
73.8	-33.3675	0.830975	1
73.9	-32.8911	0.920933	1
74	-32.3391	1.01211	1
74.1	-32.2895	0.978924	1
74.2	-32.9055	0.863393	1
74.3	-33.1557	0.821943	1
74.4	-34.0023	0.604373	1
74.5	-34.672	0.447617	1
74.6	-34.4179	0.478986	1
74.7	-34.2282	0.440158	1
74.8	-34.0775	0.445114	1
74.9	-32.8429	0.790039	1
75	-31.4377	1.19766	1
75.1	-30.1953	2.17207	1
75.2	-28.5992	2.26191	1
75.3	-27.6851	2.1385	1
75.4	-27.8713	1.65622	1
75.5	-28.4145	1.83041	1
75.6	-28.4322	1.97737	1
75.7	-28.0748	1.88307	1
75.8	-27.7811	1.54447	1
75.9	-26.6498	0.770494	1
76	-26.3314	0.47001	1
76.1	-26.2153	0.253436	1
76.2	-26.3246	-0.076945	1
76.3	-26.2787	-0.353698	1
76.4	-26.6071	0.0500838	1
76.5	-27.5139	-0.0492563	1
76.6	-27.6639	-0.206446	1
76.7	-27.2353	-0.300598	1
76.8	-27.2031	-0.293034	1
76.9	-26.6478	-0.341431	1
77	-25.8266	-0.661596	1
77.1	-24.4195	-1.43798	1
77.2	-24.4195	-1.43798	1
77.3	-23.5038	-1.98956	1
77.4	-23.6223	-2.08243	1
77.5	-23.0826	-2.59552	1
77.6	-21.8914	-2.6284	1
77.7	-21.6834	-2.34157	1
77.8	-21.6021	-1.41363	1
77.9	-21.1953	-1.02604	1
78	-20.353	-0.555329	1
78.1	-19.7383	-0.455876	1
78.2	-18.719	-0.376723	1
78.3	-17.008	-0.203937	1
78.4	-16.4917	0.119242	1
78.5	-15.1912	0.689776	1
78.6	-14.466	0.782756	1
78.7	-12.228	1.01484	1
78.8	-9.69172	1.05848	1
78.9	-8.95882	1.05874	1
79	-7.68314	1.1812	1
79.1	-7.4511	1.38978	1
79.2	-6.52698	2.20038	1
79.3	-5.96989	2.67561	1
79.4	-5.34069	2.99679	1
79.5	-3.15874	4.47534	0
79.6	-2.16143	5.23226	-1
79.7	-0.491037	7.04534	-1
79.8	-0.581828	8.2526	-1
79.9	-0.0978561	11.0532	-1
80	-0.142777	12.57	-1
80.1	0.0808989	14.8727	-1
80.2	0.129597	17.5576	-1
80.3	0.0173006	19.4862	-1
80.4	0.239284	24.015	-1
80.5	0.365246	25.5883	-1
80.6	0.745586	29.4623	-1
80.7	0.741621	32.0911	-1
80.8	-0.0395672	37.3872	-1
80.9	-0.427461	39.2114	-1
81	-0.330724	43.7021	-1
81.1	0.192791	45.6896	-1
81.2	0.298624	47.8727	-1
81.3	0.00619048	48.4446	-1
81.4	0.0173858	49.6368	-1
81.5	0.61471	49.9293	-1
81.6	 	 	-1
81.7	 	 	-1
81.8	0.848177	49.2729	-1
81.9	0.915938	48.0992	-1
82	0.761957	48.1014	-1
82.1	0.865712	48.142	-1
82.2	1.03583	48.0873	-1
82.3	0.84268	48.6837	-1
82.4	0.657196	49.2041	-1
82.5	0.502399	49.5215	-1
82.6	 	 	-1
82.7	 	 	-1
82.8	 	 	-1
82.9	 	 	-1
83	 	 	-1
83.1	 	 	-1
83.2	 	 	-1
83.3	 	 	-1
83.4	 	 	-1
83.5	 	 	-1
83.6	 	 	-1
83.7	 	 	-1
83.8	 	 	-1
83.9	0.259763	49.3092	-1
84	-0.18841	47.8969	-1
84.1	-0.222101	47.9065	-1
84.2	1.04436	47.7293	-1
84.3	1.57264	47.6527	-1
84.4	1.52484	47.8162	-1
84.5	1.51801	47.972	-1
84.6	1.24963	48.5961	-1
84.7	0.938444	48.8899	-1
84.8	0.0110651	47.8645	-1
84.9	-0.340305	47.5297	-1
85	-0.701453	47.086	-1
85.1	-0.984679	46.4087	-1
85.2	-1.04665	45.7347	-1
85.3	-0.83909	45.6865	-1
85.4	-0.669839	43.1944	-1
85.5	-0.609363	41.1744	-1
85.6	-0.539811	38.7368	-1
85.7	-0.829683	34.2121	-1
85.8	-0.737493	31.7833	-1
85.9	-0.549763	30.4901	-1
86	-0.502427	28.7043	-1
86.1	-0.641975	27.9249	-1
86.2	-1.17947	25.1954	-1
86.3	-1.19656	23.7429	-1
86.4	-0.818612	19.7839	-1
86.5	-0.389376	18.8063	-1
86.6	-0.0101301	19.1955	-1
86.7	-0.00834505	19.2226	-1
86.8	0.00293578	19.1343	-1
86.9	0.0140897	19.0608	-1
87	0.000868056	18.3789	-1
87.1	0.116167	18.192	-1
87.2	0.262885	18.1934	-1
87.3	0.143968	18.2832	-1
87.4	0.0416253	18.2187	-1
87.5	0.03	18.1372	-1
87.6	-0.0204925	17.8248	-1
87.7	-0.119076	17.4417	-1
87.8	-0.380183	16.174	-1
87.9	-0.389519	15.6946	-1
88	-0.447836	15.1504	-1
88.1	-0.465856	15.0701	-1
88.2	-0.421608	14.933	-1
88.3	-0.426378	14.8839	-1
88.4	-0.540327	14.9672	-1
88.5	-0.552604	14.9874	-1
88.6	-0.566876	15.0115	-1
88.7	-0.55558	15.0208	-1
88.8	-0.520705	14.9675	-1
88.9	-0.500404	14.964	-1
89	-0.491204	15.0085	-1
89.1	-0.503299	14.987	-1
89.2	-0.489824	15.0256	-1
89.3	-0.489385	15.0302	-1
89.4	-0.409372	15.2112	-1
89.5	-0.312897	15.8252	-1
89.6	-0.244454	17.0412	-1
89.7	-0.283065	17.4421	-1
89.8	-0.164272	18.6569	-1
89.9	-0.147314	19.2237	-1
90	0.750951	19.5753	-1
90.1	1.13824	19.5027	-1
90.2	1.31853	19.4654	-1
90.3	1.37278	19.3037	-1
90.4	1.39116	19.2847	-1
90.5	1.35953	19.4744	-1
90.6	1.26473	19.746	-1
90.7	1.29127	20.1533	-1
90.8	0.575396	20.3435	-1
90.9	0.393006	20.3968	-1
91	0.742657	19.9437	-1
91.1	0.778322	19.6935	-1
91.2	0.305253	19.498	-1
91.3	-0.240757	18.1593	-1
91.4	-0.469119	16.7763	-1
91.5	-0.505693	16.2182	-1
91.6	-0.673995	15.5094	-1
91.7	-0.983236	13.3962	-1
91.8	-1.10466	12.6645	-1
91.9	-0.811939	12.1822	-1
92	-0.88439	11.4508	-1
92.1	-0.839061	11.1106	-1
92.2	-0.711963	10.5545	-1
92.3	-0.442183	10.0116	-1
92.4	-0.216942	9.37172	-1
92.5	0.249147	7.01154	-1
92.6	-0.0204307	4.37305	0
92.7	-0.237018	3.00621	0
92.8	-0.171502	0.371274	0
92.9	0.163514	-1.28786	0
93	0.297584	-4.39942	0
93.1	0.118626	-5.6707	-1
93.2	-0.48389	-8.44583	-1
93.3	-0.476736	-10.0883	-1
93.4	-0.137865	-11.8826	-1
93.5	0.176916	-15.8265	-1
93.6	-0.214333	-17.8124	-1
93.7	-0.775956	-21.3107	-1
93.8	-0.051837	-24.2243	-1
93.9	0.0148079	-25.3704	-1
94	 	 	-1
94.1	 	 	-1
94.2	 	 	-1
94.3	 	 	-1
94.4	 	 	-1
94.5	 	 	-1
94.6	 	 	-1
94.7	 	 	-1
94.8	 	 	-1
94.9	 	 	-1
95	 	 	-1
95.1	 	 	-1
95.2	 	 	-1
95.3	 	 	-1
95.4	 	 	-1
95.5	 	 	-1
95.6	 	 	-1
95.7	 	 	-1
95.8	 	 	-1
95.9	 	 	-1
96	 	 	-1
96.1	 	 	-1
96.2	 	 	-1
96.3	 	 	-1
96.4	 	 	-1
96.5	 	 	-1
96.6	 	 	-1
96.7	 	 	-1
96.8	 	 	-1
96.9	 	 	-1
97	 	 	-1
97.1	 	 	-1
97.2	 	 	-1
97.3	 	 	-1
97.4	 	 	-1
97.5	 	 	-1
97.6	 	 	-1
97.7	 	 	-1
97.8	 	 	-1
97.9	 	 	-1
98	 	 	-1
98.1	 	 	-1
98.2	 	 	-1
98.3	 	 	-1
98.4	 	 	-1
98.5	 	 	-1
98.6	 	 	-1
98.7	 	 	-1
98.8	 	 	-1
98.9	 	 	-1
99	 	 	-1
99.1	 	 	-1
99.2	 	 	-1
99.3	 	 	-1
99.4	 	 	-1
99.5	 	 	-1
99.6	 	 	-1
99.7	 	 	-1
99.8	 	 	-1
99.9	 	 	-1
100	 	 	-1
100.1	 	 	-1
100.2	 	 	-1
100.3	 	 	-1
100.4	 	 	-1
100.5	 	 	-1
100.6	 	 	-1
100.7	 	 	-1
100.8	 	 	-1
100.9	 	 	-1
101	 	 	-1
101.1	 	 	-1
101.2	 	 	-1
101.3	0.208973	-25.9848	-1
101.4	-0.254557	-24.9548	-1
101.5	-0.255595	-24.5596	-1
101.6	0.690971	-22.8873	-1
101.7	0.876042	-22.425	-1
101.8	0.734531	-21.7597	-1
101.9	0.398676	-20.8258	-1
102	0.308689	-20.0279	-1
102.1	0.224565	-19.2937	-1
102.2	-0.177974	-17.0984	-1
102.3	-0.16264	-16.1113	-1
102.4	0.309193	-14.7598	-1
102.5	0.621747	-14.3897	-1
102.6	0.931863	-13.6775	-1
102.7	0.736973	-13.4619	-1
102.8	0.497565	-13.1709	-1
102.9	0.533503	-13.2414	-1
103	0.546905	-13.0728	-1
103.1	0.523434	-12.8557	-1
103.2	0.371027	-11.7672	-1
103.3	0.187239	-11.1535	-1
103.4	-0.18718	-9.88366	-1
103.5	-0.0436707	-9.40087	-1
103.6	0.35877	-8.82633	-1
103.7	0.466903	-8.71783	-1
103.8	0.604422	-8.67561	-1
103.9	0.672062	-8.95452	-1
104	0.643789	-9.02256	-1
104.1	0.866571	-8.94741	-1
104.2	1.07563	-9.16972	-1
104.3	1.11818	-9.08248	-1
104.4	1.09889	-8.95348	-1
104.5	1.0003	-9.01316	-1
104.6	1.02536	-8.87453	-1
104.7	1.09731	-8.77144	-1
104.8	1.13948	-8.67308	-1
104.9	1.08349	-8.73594	-1
105	1.32253	-8.30545	-1
105.1	1.51826	-8.14175	-1
105.2	1.66879	-7.00143	-1
105.3	1.6097	-6.79095	-1
105.4	1.5893	-6.72453	-1
105.5	1.63013	-6.68397	-1
105.6	1.59985	-6.71536	-1
105.7	1.60015	-6.7324	-1
105.8	1.57619	-6.74981	-1
105.9	1.56123	-6.77636	-1
106	1.4511	-7.00738	-1
106.1	1.41161	-7.07534	-1
106.2	1.41916	-7.05164	-1
106.3	1.4352	-7.03371	-1
106.4	1.49506	-6.96391	-1
106.5	1.58249	-6.82822	-1
106.6	1.61418	-6.80894	-1
106.7	1.58845	-6.87266	-1
106.8	1.65945	-6.66634	-1
106.9	1.61749	-6.64553	-1
107	1.60834	-6.38106	-1
107.1	1.71661	-6.05387	-1
107.2	1.7653	-5.31735	-1
107.3	1.74692	-5.12998	-1
107.4	1.75985	-4.96365	0
107.5	1.84796	-4.59343	0
107.6	1.99168	-4.5633	0
107.7	2.3655	-4.03958	0
107.8	2.32609	-3.75342	0
107.9	2.24954	-3.64625	0
108	2.1199	-3.54788	0
108.1	2.22805	-3.25264	0
108.2	2.592	-3.11223	0
108.3	2.67119	-3.18945	0
108.4	2.60899	-3.08759	0
108.5	2.62601	-3.05066	0
108.6	2.82363	-3.0869	0
108.7	3.02532	-3.09349	0
108.8	3.10833	-3.29141	0
108.9	2.86583	-3.74489	0
109	2.60922	-3.84189	0
109.1	2.06548	-3.83152	0
109.2	1.85659	-3.13333	0
109.3	1.73819	-3.02546	0
109.4	1.59216	-2.49767	0
109.5	1.56995	-0.891844	0
109.6	1.47423	0.924776	0
109.7	1.28135	2.01555	0
109.8	1.10748	3.04426	0
109.9	0.476937	4.81993	0
110	0.4876	6.63309	-1
110.1	0.470833	7.41176	-1
110.2	0.328496	8.23522	-1
110.3	0.278984	8.34387	-1
110.4	0.350438	8.51214	-1
110.5	0.355272	8.70819	-1
110.6	0.334406	8.72066	-1
110.7	0.338425	8.67381	-1
110.8	0.27429	8.69422	-1
110.9	0.233704	8.71399	-1
111	0.249898	8.61942	-1
111.1	0.257353	8.83148	-1
111.2	0.198254	9.07598	-1
111.3	0.0707347	9.67161	-1
111.4	-0.059498	10.1297	-1
111.5	-0.232952	10.7142	-1
111.6	-0.095804	10.8898	-1
111.7	0.0846949	11.1024	-1
111.8	0.114111	12.2636	-1
111.9	0.0587377	12.8577	-1
112	0.0181024	12.8144	-1
112.1	0.0218641	13.393	-1
112.2	0.128685	13.9893	-1
112.3	0.239385	14.5703	-1
112.4	0.191243	15.8963	-1
112.5	-0.66915	18.6233	-1
112.6	-0.945473	20.9274	-1
112.7	-0.572173	26.218	-1
112.8	-0.215006	28.8956	-1
112.9	-0.0313632	32.4423	-1
113	-0.676683	36.6483	-1
113.1	-0.432193	41.2166	-1
113.2	-0.0462366	43.1796	-1
113.3	0.286497	45.7654	-1
113.4	0.143916	46.9578	-1
113.5	0.0933333	47.9663	-1
113.6	0.485965	49.0711	-1
113.7	0.661957	49.8064	-1
113.8	 	 	-1
113.9	 	 	-1
114	 	 	-1
114.1	 	 	-1
114.2	 	 	-1
114.3	 	 	-1
114.4	 	 	-1
114.5	 	 	-1
114.6	 	 	-1
114.7	 	 	-1
114.8	 	 	-1
114.9	 	 	-1
115	 	 	-1
115.1	 	 	-1
115.2	 	 	-1
115.3	 	 	-1
115.4	 	 	-1
115.5	 	 	-1
115.6	 	 	-1
115.7	 	 	-1
115.8	 	 	-1
115.9	 	 	-1
116	 	 	-1
116.1	 	 	-1
116.2	 	 	-1
116.3	 	 	-1
116.4	 	 	-1
116.5	 	 	-1
116.6	 	 	-1
116.7	 	 	-1
116.8	0.735022	49.9365	-1
116.9	0.892876	49.913	-1
117	 	 	-1
117.1	0.460367	49.794	-1
117.2	0.314401	49.4922	-1
117.3	 	 	-1
117.4	 	 	-1
117.5	 	 	-1
117.6	 	 	-1
117.7	 	 	-1
117.8	 	 	-1
117.9	 	 	-1
118	 	 	-1
118.1	 	 	-1
118.2	 	 	-1
118.3	 	 	-1
118.4	0.717864	49.5955	-1
118.5	0.501297	48.3851	-1
118.6	-0.0527094	47.8329	-1
118.7	0.0749834	47.6429	-1
118.8	0.237125	46.8299	-1
118.9	0.0401095	46.3227	-1
119	-0.207483	45.9121	-1
119.1	-0.599633	44.7157	-1
119.2	-0.457338	41.5254	-1
119.3	-0.129215	39.3997	-1
119.4	-0.615043	35.4369	-1
119.5	-0.701844	34.5723	-1
119.6	-0.0718867	33.096	-1
119.7	0.333815	32.249	-1
119.8	0.509333	31.5048	-1
119.9	0.117842	31.0032	-1
120	-0.380491	30.5916	-1
120.1	-0.525103	30.2364	-1
120.2	-0.663751	29.0061	-1
120.3	-0.750892	28.2923	-1
120.4	-0.921242	26.9917	-1
120.5	-0.973567	25.9267	-1
120.6	-0.556772	24.4096	-1
120.7	-0.291515	23.0388	-1
120.8	-0.146119	20.7106	-1
120.9	-0.261532	19.5731	-1
121	-0.310544	17.9927	-1
121.1	-0.339957	17.1444	-1
121.2	-0.671403	16.338	-1
121.3	-0.596809	15.8872	-1
121.4	0.066761	16.0355	-1
121.5	0.413537	15.5848	-1
121.6	-0.000896861	15.0185	-1
121.7	-0.212448	14.6933	-1
121.8	0.0569586	14.0949	-1
121.9	0.288926	13.9885	-1
122	0.562289	13.3587	-1
122.1	0.663555	13.0907	-1
122.2	0.7	12.9903	-1
122.3	0.613771	13.0979	-1
122.4	0.446852	13.487	-1
122.5	0.402179	13.7576	-1
122.6	0.486762	14.3484	-1
122.7	0.748539	14.5019	-1
122.8	0.88239	14.6889	-1
122.9	0.657624	14.6544	-1
123	0.443825	14.3292	-1
123.1	0.624565	13.8793	-1
123.2	0.712662	12.8064	-1
123.3	0.449895	12.6784	-1
123.4	-0.447981	12.0755	-1
123.5	-0.517036	11.6117	-1
123.6	-0.356025	10.7763	-1
123.7	-0.310377	10.5676	-1
123.8	-0.607945	10.6012	-1
123.9	-0.843151	10.5282	-1
124	-1.23747	10.0836	-1
124.1	-1.42703	9.61804	-1
124.2	-1.67849	9.11339	-1
124.3	-1.73104	8.9933	-1
124.4	-1.78255	8.93566	-1
124.5	-1.80823	8.8143	-1
124.6	-1.88252	8.27398	-1
124.7	-2.02783	7.67256	-1
124.8	-2.0606	7.10006	-1
124.9	-2.36848	6.16957	-1
125	-2.0975	5.77052	-1
125.1	-2.01004	5.53361	-1
125.2	-2.02328	5.28272	-1
125.3	-1.86989	4.33299	0
125.4	-1.76482	3.45256	0
125.5	-1.80814	2.62329	0
125.6	-1.86748	2.25267	0
125.7	-2.27115	1.10431	0
125.8	-2.05426	0.949334	0
125.9	-1.74648	1.33038	0
126	-1.39348	1.45326	0
126.1	-1.40783	1.71548	0
126.2	-1.65683	2.06046	0
126.3	-1.75638	2.04774	0
126.4	-1.92735	2.1404	0
126.5	-2.16763	2.06095	0
126.6	-2.39927	2.03025	0
126.7	-2.38967	2.00081	0
126.8	-2.33491	2.18603	0
126.9	-2.24522	2.32891	0
127	-2.29236	2.42283	0
127.1	-2.3273	2.35023	0
127.2	-2.32541	2.37831	0
127.3	-2.49974	2.29179	0
127.4	-2.51017	2.44166	0
127.5	-2.41635	2.45925	0
127.6	-2.36068	2.4858	0
127.7	-2.2167	2.51252	0
127.8	-2.35418	2.45686	0
127.9	-2.27093	2.4532	0
128	-2.22579	2.42564	0
128.1	-2.11557	2.43189	0
128.2	-2.16093	2.43125	0
128.3	-2.17943	2.37686	0
128.4	-1.95766	2.41808	0
128.5	-1.9578	2.25985	0
128.6	-2.00752	2.10162	0
128.7	-1.86254	2.09474	0
128.8	-1.76239	2.21674	0
128.9	-1.7798	2.29141	0
129	-1.8258	2.26353	0
129.1	-1.90331	2.01374	0
129.2	-1.95801	1.84786	0
129.3	-1.94937	1.77092	0
129.4	-1.87535	1.72902	0
129.5	-1.88493	1.74142	0
129.6	-1.85319	1.77245	0
129.7	-1.90352	1.47581	0
129.8	-1.91234	1.29113	0
129.9	-1.93134	1.29803	0
130	-1.96753	1.2891	0
130.1	-2.35237	1.18538	0
130.2	-2.64868	0.932234	0
130.3	-2.60794	0.943915	0
130.4	-2.69533	0.847347	0
130.5	-2.87873	0.562425	0
130.6	-2.93837	0.602339	0
130.7	-2.91752	0.65669	0
130.8	-2.80591	0.949937	0
130.9	-2.90464	0.930642	0
131	-2.93784	0.965737	0
131.1	-3.09055	1.11886	0
131.2	-3.09068	1.17053	0
131.3	-2.95634	1.20854	0
131.4	-2.70296	1.22937	0
131.5	-1.63994	2.13819	0
131.6	-1.37868	2.53934	0
131.7	-1.48983	2.52945	0
131.8	-1.52133	2.53583	0
131.9	-1.56882	2.00776	0
132	-1.53384	1.25559	0
132.1	-1.49879	0.781861	0
132.2	-1.19447	-0.472264	0
132.3	-1.1321	-1.14073	0
132.4	-1.02504	-1.73756	0
132.5	-0.734324	-2.34241	0
132.6	-0.514106	-2.53736	0
132.7	-0.126281	-3.18921	0
132.8	-0.251365	-4.164	0
132.9	-0.363663	-4.32328	0
133	-0.474196	-4.71224	0
133.1	-0.477913	-4.90294	0
133.2	-0.710822	-4.8276	0
133.3	-0.580818	-4.74422	0
133.4	-0.281355	-4.47619	0
133.5	-0.40544	-4.21414	0
133.6	-0.456469	-4.03704	0
133.7	-0.380699	-3.99538	0
133.8	-0.327876	-4.06464	0
133.9	-0.299339	-4.06676	0
134	-0.300137	-4.34191	0
134.1	-0.334532	-4.21334	0
134.2	-0.361905	-4.00835	0
134.3	-0.272276	-3.93681	0
134.4	-0.0877869	-4.14852	0
134.5	-0.0769492	-4.26169	0
134.6	-0.315217	-4.1423	0
134.7	-0.293149	-3.81903	0
134.8	-0.122077	-3.37219	0
134.9	-0.10315	-3.30765	0
135	-0.00773913	-3.40391	0
135.1	0.0306754	-3.41133	0
135.2	0.222064	-3.19799	0
135.3	0.137391	-3.09271	0
135.4	0.032967	-2.92612	0
135.5	0.0545377	-2.90365	0
135.6	0.319283	-2.75524	0
135.7	0.394529	-2.6494	0
135.8	0.44986	-2.42593	0
135.9	0.472187	-2.35959	0
136	0.448478	-2.28694	0
136.1	0.413982	-2.28317	0
136.2	0.509828	-2.37353	0
136.3	0.607278	-2.33948	0
136.4	0.609584	-2.12499	0
136.5	0.581978	-2.14418	0
136.6	0.567423	-2.29384	0
136.7	0.689194	-2.30823	0
136.8	0.801272	-2.14253	0
136.9	0.810711	-2.13485	0
137	0.807967	-2.14045	0
137.1	0.738526	-2.17201	0
137.2	0.828974	-2.16904	0
137.3	0.919802	-2.18487	0
137.4	0.958023	-2.0675	0
137.5	0.953154	-2.00562	0
137.6	0.81186	-1.87971	0
137.7	0.756932	-2.00418	0
137.8	0.327065	-2.13122	0
137.9	0.0521371	-2.46551	0
138	-0.222593	-3.53025	0
138.1	-0.343586	-3.85074	0
138.2	-0.387618	-3.71143	0
138.3	-0.577588	-3.61818	0
138.4	-0.847997	-4.11312	0
138.5	-0.835926	-4.38913	0
138.6	-0.811975	-4.79974	0
138.7	-0.865469	-4.88337	0
138.8	-0.955848	-4.67779	0
138.9	-0.975225	-4.58805	0
139	-1.05732	-4.48672	0
139.1	-0.740883	-3.84819	0
139.2	-0.806804	-3.27389	0
139.3	-0.73861	-3.20048	0
139.4	-0.597646	-3.31675	0
139.5	-0.615118	-3.30055	0
139.6	-0.653509	-3.12392	0
139.7	-0.652882	-3.06957	0
139.8	-0.666558	-2.94922	0
139.9	-0.673056	-2.87857	0
140	-0.595002	-2.7479	0
140.1	-0.630895	-2.76059	0
140.2	-0.678261	-2.85613	0
140.3	-0.722261	-2.84685	0
140.4	-0.840917	-2.94758	0
140.5	-0.903947	-3.04816	0
140.6	-1.02485	-3.56991	0
140.7	-0.995828	-3.72851	0
140.8	-0.914286	-4.04486	0
140.9	-0.888351	-4.0348	0
141	-0.918969	-3.6934	0
141.1	-1.03766	-3.77476	0
141.2	-1.23168	-3.97505	0
141.3	-1.23613	-4.16464	0
141.4	-1.21292	-4.20712	0
141.5	-1.15346	-4.02853	0
141.6	-0.930762	-3.95206	0
141.7	-0.860514	-3.98922	0
141.8	-0.890868	-4.27449	0
141.9	-0.966995	-4.9685	0
142	-0.83588	-5.12273	-1
142.1	-0.290837	-4.24658	0
142.2	0.0480025	-5.33507	-1
142.3	0.0676193	-6.38145	-1
142.4	-0.0800807	-8.1763	-1
142.5	0.0326827	-9.36269	-1
142.6	0.217588	-10.4528	-1
142.7	0.303566	-11.6077	-1
142.8	0.0713596	-12.8515	-1
142.9	0.430239	-13.2612	-1
143	0.681462	-13.3759	-1
143.1	0.822729	-13.8163	-1
143.2	0.718082	-13.997	-1
143.3	0.591254	-13.9694	-1
143.4	0.492562	-13.827	-1
143.5	0.214141	-13.2353	-1
143.6	0.0527847	-13.1323	-1
143.7	0.0359569	-13.0143	-1
143.8	-0.0027949	-13.0003	-1
143.9	0.0147866	-13.1646	-1
144	-0.109954	-13.4751	-1
144.1	-0.239445	-13.3245	-1
144.2	-0.170476	-13.7265	-1
144.3	-0.0461099	-14.8476	-1
144.4	0.164051	-17.904	-1
144.5	-0.167205	-19.0624	-1
144.6	0.505282	-21.4247	-1
144.7	0.312549	-23.739	-1
144.8	-0.540965	-23.1712	-1
144.9	-0.855125	-23.6274	-1
145	-0.610589	-23.1351	-1
145.1	-0.511478	-23.2216	-1
145.2	-0.464775	-24.3818	-1
145.3	-0.361339	-24.0991	-1
145.4	-0.348727	-24.1812	-1
145.5	-0.516202	-24.0348	-1
145.6	-0.610669	-24.223	-1
145.7	-0.665382	-23.9508	-1
145.8	-0.823529	-23.852	-1
145.9	-0.817174	-23.7021	-1
146	-0.766443	-23.4226	-1
146.1	-0.98	-24.2846	-1
146.2	-1.15024	-24.6878	-1
146.3	-1.16585	-25.5788	-1
146.4	 	 	-1
146.5	 	 	-1
146.6	 	 	-1
146.7	 	 	-1
146.8	 	 	-1
146.9	 	 	-1
147	 	 	-1
147.1	 	 	-1
147.2	 	 	-1
147.3	 	 	-1
147.4	 	 	-1
147.5	 	 	-1
147.6	 	 	-1
147.7	 	 	-1
147.8	 	 	-1
147.9	 	 	-1
148	 	 	-1
148.1	 	 	-1
148.2	 	 	-1
148.3	 	 	-1
148.4	 	 	-1
148.5	 	 	-1
148.6	 	 	-1
148.7	 	 	-1
148.8	 	 	-1
148.9	 	 	-1
149	 	 	-1
149.1	 	 	-1
149.2	 	 	-1
149.3	 	 	-1
149.4	 	 	-1
149.5	 	 	-1
149.6	 	 	-1
149.7	 	 	-1
149.8	 	 	-1
149.9	 	 	-1
150	 	 	-1
150.1	 	 	-1
150.2	 	 	-1
150.3	 	 	-1
150.4	 	 	-1
150.5	 	 	-1
150.6	 	 	-1
150.7	 	 	-1
150.8	 	 	-1
150.9	0.140711	-25.9794	-1
151	0.17147	-24.9818	-1
151.1	-0.19186	-23.0344	-1
151.2	-0.143404	-21.337	-1
151.3	0.232448	-18.5567	-1
151.4	0.433589	-14.803	-1
151.5	-0.0873501	-12.7049	-1
151.6	-0.21799	-12.749	-1
151.7	-0.0709754	-12.173	-1
151.8	0.148919	-12.0519	-1
151.9	0.253237	-12.0501	-1
152	0.207485	-11.9647	-1
152.1	0.20662	-12.6997	-1
152.2	0.313658	-12.8784	-1
152.3	0.55489	-12.9912	-1
152.4	0.535861	-12.9502	-1
152.5	0.672687	-12.7569	-1
152.6	0.75993	-12.6619	-1
152.7	0.790843	-12.5791	-1
152.8	0.773173	-12.4748	-1
152.9	0.761725	-12.2294	-1
153	0.737313	-11.8491	-1
153.1	0.543088	-11.8466	-1
153.2	0.421053	-11.9063	-1
153.3	0.679072	-11.4312	-1
153.4	0.815176	-11.0109	-1
153.5	0.797445	-10.431	-1
153.6	0.909632	-10.6079	-1
153.7	0.979909	-10.5816	-1
153.8	0.985051	-10.579	-1
153.9	1.00562	-10.4455	-1
154	1.07052	-10.3469	-1
154.1	1.14774	-10.2667	-1
154.2	1.16357	-10.3724	-1
154.3	1.23336	-10.5641	-1
154.4	1.15578	-10.467	-1
154.5	1.16693	-10.518	-1
154.6	1.08502	-10.5343	-1
154.7	0.805571	-10.1687	-1
154.8	0.942355	-9.61915	-1
154.9	1.40048	-8.20482	-1
155	1.50614	-7.45327	-1
155.1	1.79906	-5.9576	-1
155.2	1.74395	-5.62932	-1
155.3	1.64591	-4.86855	0
155.4	1.67586	-4.42334	0
155.5	1.67764	-3.95649	0
155.6	1.9798	-3.79083	0
155.7	2.6628	-3.13979	0
155.8	2.87734	-2.58736	0
155.9	2.98395	-2.02994	0
156	2.9112	-2.00914	0
156.1	2.99799	-2.03754	0
156.2	3.23266	-1.87236	0
156.3	3.78311	-1.34746	0
156.4	3.94677	-1.09123	0
156.5	4.39857	-0.79448	0
156.6	4.52293	-0.674023	0
156.7	4.52806	-0.667461	0
156.8	4.44534	-0.723656	0
156.9	4.3233	-0.852344	0
157	4.28878	-0.852635	0
157.1	4.26575	-0.962305	0
157.2	4.2665	-1.00051	0
157.3	4.2192	-0.980139	0
157.4	4.23075	-0.965358	0
157.5	4.11104	-1.00007	0
157.6	4.02417	-1.04799	0
157.7	4.04675	-1.25347	0
157.8	4.00455	-1.29433	0
157.9	3.90519	-1.39867	0
158	3.70897	-1.5787	0
158.1	2.76165	-2.18816	0
158.2	2.4471	-2.22296	0
158.3	2.11508	-2.08781	0
158.4	1.90363	-2.21952	0
158.5	1.86053	-2.4655	0
158.6	2.06042	-2.39539	0
158.7	2.36946	-2.3707	0
158.8	2.65585	-2.2599	0
158.9	2.77661	-2.15086	0
159	3.10877	-2.17168	0
159.1	3.86519	-2.57694	0
159.2	4.39223	-2.80559	0
159.3	4.74132	-2.90529	0
159.4	4.21542	-2.81895	0
159.5	3.7806	-2.75212	0
159.6	3.73897	-2.80853	0
159.7	3.98647	-2.75647	0
159.8	4.40144	-2.73784	0
159.9	5.04877	-2.73091	1
160	6.12299	-2.69457	1
160.1	7.16597	-2.68761	1
160.2	7.75373	-2.62768	1
160.3	8.87206	-2.44132	1
160.4	9.37682	-2.3231	1
160.5	9.98796	-2.26858	1
160.6	10.9947	-2.23197	1
160.7	11.654	-2.15329	1
160.8	11.3156	-2.08633	1
160.9	10.1782	-1.9113	1
161	9.65821	-1.92591	1
161.1	9.09915	-1.85306	1
161.2	8.1046	-1.68266	1
161.3	7.70176	-1.64265	1
161.4	6.9473	-1.36771	1
161.5	5.74814	-1.3251	1
161.6	4.65576	-1.60968	0
161.7	4.00433	-1.60795	0
161.8	3.31922	-1.7406	0
161.9	3.01144	-1.92353	0
162	2.32403	-2.00061	0
162.1	1.98879	-1.81041	0
162.2	1.93554	-1.74863	0
162.3	1.90335	-1.59686	0
162.4	1.84906	-1.5696	0
162.5	1.84676	-1.57607	0
162.6	1.97765	-1.47327	0
162.7	2.12174	-1.31683	0
162.8	2.22339	-1.2764	0
162.9	2.4632	-0.933688	0
163	2.50458	-0.842397	0
163.1	2.54434	-0.680129	0
163.2	2.7076	-0.20091	0
163.3	2.74865	-0.347473	0
163.4	2.73611	-0.460625	0
163.5	2.70998	-0.531044	0
163.6	2.56063	-0.558639	0
163.7	2.56049	-0.573751	0
163.8	2.55996	-0.610464	0
163.9	2.56991	-0.622636	0
164	2.50816	-0.676609	0
164.1	2.48741	-0.694775	0
164.2	2.47161	-0.71311	0
164.3	2.42142	-0.719176	0
164.4	2.2378	-0.414553	0
164.5	2.00701	-0.268505	0
164.6	1.31677	-0.754614	0
164.7	0.893878	-1.11335	0
164.8	0.479144	-0.860749	0
164.9	0.429923	-0.414057	0
165	0.473388	-0.0648148	0
165.1	0.417055	0.509675	0
165.2	0.34692	0.57962	0
165.3	0.341542	0.412346	0
165.4	0.314423	0.0559753	0
165.5	0.0450034	-0.286079	0
165.6	0.163611	-0.392402	0
165.7	0.811748	-0.343262	0
165.8	0.800409	-0.172315	0
165.9	0.801551	-0.180708	0
166	0.870803	-0.312653	0
166.1	0.880937	-0.330187	0
166.2	0.652197	-0.492197	0
166.3	0.430204	-0.441862	0
166.4	0.201078	-0.285776	0
166.5	0.63009	-0.366872	0
166.6	0.753465	-0.22061	0
166.7	0.9717	-0.188739	0
166.8	0.752986	-0.0677064	0
166.9	0.589147	-0.252049	0
167	0.544077	-0.132046	0
167.1	0.49066	-0.151533	0
167.2	0.552594	-0.123312	0
167.3	0.615502	-0.0387543	0
167.4	0.575829	0.00331492	0
167.5	0.239352	0.0370779	0
167.6	0.0310666	0.0561961	0
167.7	-0.0674298	0.0631287	0
167.8	-0.242701	0.086603	0
167.9	-0.446842	0.169198	0
168	-0.593158	0.326728	0
168.1	-0.619054	0.293983	0
168.2	-0.62231	0.362504	0
168.3	-0.715387	0.398037	0
168.4	-0.577159	0.35803	0
168.5	-0.496213	0.330184	0
168.6	-0.365775	0.24661	0
168.7	-0.253838	0.157508	0
168.8	-0.252742	0.12182	0
168.9	-0.396785	0.157757	0
169	-0.525904	0.132389	0
169.1	-0.639292	0.126723	0
169.2	-0.472853	-0.00423822	0
169.3	-0.0638943	-0.121259	0
169.4	0.0107917	-0.000866483	0
169.5	-0.0244726	0.376371	0
169.6	0.125853	0.474147	0
169.7	0.454262	0.104922	0
169.8	0.47818	0.0198873	0
169.9	0.443458	0.028998	0
170	0.440484	0.122112	0
170.1	0.333083	0.144486	0
170.2	0.228065	0.0485014	0
170.3	-0.252079	-0.00627063	0
170.4	-0.523412	0.111161	0
170.5	-0.870003	0.183836	0
170.6	-1.33148	0.123596	0
170.7	-1.61005	-0.107462	0
170.8	-2.14431	-0.7149	0
170.9	-2.11736	-0.987573	0
171	-2.06446	-1.06701	0
171.1	-1.93032	-1.14482	0
171.2	-2.03011	-1.15952	0
171.3	-1.88474	-1.11487	0
171.4	-1.88447	-1.05588	0
171.5	-1.98948	-1.03148	0
171.6	-1.91891	-1.06085	0
171.7	-2.02275	-1.07339	0
171.8	-2.05681	-1.06765	0
171.9	-1.844	-0.705411	0
172	-1.53051	-0.684051	0
172.1	-0.91089	-0.551062	0
172.2	-0.784615	-0.554935	0
172.3	-0.169442	-0.69132	0
172.4	0.119298	-0.831206	0
172.5	0.308602	-0.992497	0
172.6	0.375472	-1.02221	0
172.7	0.54818	-0.952407	0
172.8	0.463006	-0.94115	0
172.9	0.37388	-0.891907	0
173	0.210194	-0.832416	0
173.1	-0.213176	-0.69163	0
173.2	-0.76243	-0.538785	0
173.3	-1.02371	-0.535924	0
173.4	-0.951077	-0.372688	0
173.5	-0.748499	-0.497203	0
173.6	-0.715702	-0.56343	0
173.7	-0.53688	-0.536594	0
173.8	-0.468323	-0.532181	0
173.9	-0.51005	-0.636279	0
174	-0.559029	-0.578317	0
174.1	-0.813886	-0.409326	0
174.2	-0.893645	-0.33212	0
174.3	-0.886078	-0.318597	0
174.4	-0.922234	-0.231634	0
174.5	-1.19485	-0.078143	0
174.6	-1.22735	-0.311097	0
174.7	-1.27971	-0.383603	0
174.8	-1.35478	-0.294954	0
174.9	-1.39721	-0.263413	0
175	-1.46243	-0.29263	0
175.1	-1.33208	-0.382526	0
175.2	-1.25769	-0.381231	0
175.3	-1.25813	-0.375254	0
175.4	-1.13938	-0.436201	0
175.5	-0.777032	-0.331699	0
175.6	-0.450238	-0.439346	0
175.7	-0.421715	-0.479306	0
175.8	-0.412573	-0.499009	0
175.9	-0.453129	-0.482585	0
176	-0.402307	-0.487924	0
176.1	-0.41652	-0.479147	0
176.2	-0.393948	-0.427373	0
176.3	-0.728853	-0.318462	0
176.4	-1.05128	-0.306565	0
176.5	-1.24842	-0.353899	0
176.6	-2.01261	-0.1559	0
176.7	-2.52201	-0.0117173	0
176.8	-2.80918	0.164232	0
176.9	-3.00499	0.239002	0
177	-3.00673	0.232087	0
177.1	-3.03627	0.247316	0
177.2	-3.82343	0.329458	0
177.3	-4.22638	0.32126	0
177.4	-4.9093	0.0752584	0
177.5	-5.08949	0.124362	1
177.6	-5.17345	0.111067	1
177.7	-5.24238	0.191173	1
177.8	-5.21357	0.208168	1
177.9	-5.38759	0.412185	1
178	-5.82002	0.252254	1
178.1	-5.89583	0.158026	1
178.2	-5.90176	0.136741	1
178.3	-5.9758	0.0729233	1
178.4	-6.11626	0.0547571	1
178.5	-6.24781	0.0735008	1
178.6	-6.32388	0.173366	1
178.7	-6.3656	0.229414	1
178.8	-6.39357	0.220849	1
178.9	-6.42662	0.217584	1
179	-6.37638	0.16146	1
179.1	-6.27964	0.176964	1
179.2	-6.30345	0.118525	1
179.3	-6.60827	0.307384	1
179.4	-7.81146	0.746006	1
179.5	-8.4585	0.946918	1
179.6	-8.87588	1.06059	1
179.7	-10.1421	1.33489	1
179.8	-12.8077	1.40074	1
179.9	-13.5709	1.24622	1
180	-14.6324	0.899817	1
180.1	-15.0042	0.801171	1
180.2	-15.7682	0.843373	1
180.3	-16.9252	0.918733	1
180.4	-17.9697	1.16582	1
180.5	-18.2781	1.28211	1
180.6	-18.637	1.39025	1
180.7	-18.701	1.39586	1
180.8	-18.5276	1.35894	1
180.9	-18.7086	1.32037	1
181	-18.4175	1.32088	1
181.1	-18.3846	1.29664	1
181.2	-18.3971	1.28629	1
181.3	-18.1805	1.25778	1
181.4	-18.0134	1.21251	1
181.5	-18.1095	1.23329	1
181.6	-18.5061	1.28254	1
181.7	-19.743	1.27961	1
181.8	-20.6204	0.559478	1
181.9	-21.09	0.189958	1
182	-21.2484	0.136701	1
182.1	-21.504	0.204227	1
182.2	-22.0405	0.155901	1
182.3	-23.5268	-0.0362196	1
182.4	-24.9985	-0.0597736	1
182.5	-25.2701	-0.0853787	1
182.6	-25.2108	-0.0508103	1
182.7	-25.1326	-0.000100883	1
182.8	-25.129	-0.00505178	1
182.9	-25.1597	0.00430925	1
183	-25.0927	0.022177	1
183.1	-24.7763	0.153758	1
183.2	-23.5485	0.339215	1
183.3	-22.9387	0.445337	1
183.4	-22.7254	0.465913	1
183.5	-22.352	0.512974	1
183.6	-21.9776	0.536488	1
183.7	-21.6272	0.491736	1
183.8	-21.5867	0.446458	1
183.9	-21.6794	0.462018	1
184	-21.5528	0.476687	1
184.1	-21.0932	0.407132	1
184.2	-20.6309	0.563915	1
184.3	-20.7313	0.53093	1
184.4	-20.9312	0.479778	1
184.5	-21.0749	0.432227	1
184.6	-21.3143	0.363771	1
184.7	-21.2638	0.342782	1
184.8	-21.2964	0.319335	1
184.9	-21.3387	0.305104	1
185	-21.2833	0.242739	1
185.1	-21.2122	0.240247	1
185.2	-21.0189	0.116143	1
185.3	-20.8519	-0.000896861	1
185.4	-19.8368	-0.23989	1
185.5	-19.1718	-0.257175	1
185.6	-17.3299	0.520366	1
185.7	-16.1509	1.01308	1
185.8	-14.0259	1.30816	1
185.9	-12.6797	1.38878	1
186	-9.93361	1.16882	1
186.1	-8.66512	1.02524	1
186.2	-6.02571	0.783581	1
186.3	-5.0852	0.8694	1
186.4	-4.62155	1.13724	0
186.5	-4.65235	1.30843	0
186.6	-4.81652	1.47939	0
186.7	-3.83092	1.45894	0
186.8	-3.05959	1.35704	0
186.9	-2.67326	1.07275	0
187	-2.44849	1.12518	0
187.1	-2.46048	1.13131	0
187.2	-2.71669	1.05939	0
187.3	-2.85441	1.01459	0
187.4	-3.40246	0.796605	0
187.5	-3.72992	0.76241	0
187.6	-4.49048	0.763697	0
187.7	-4.47353	1.15703	0
187.8	-5.07924	1.96075	1
187.9	-4.9843	2.64253	0
188	-4.38123	3.3751	0
188.1	-2.69585	4.75816	0
188.2	-1.81586	7.16436	-1
188.3	-1.47657	8.81776	-1
188.4	-0.344151	12.3838	-1
188.5	0.540048	14.9159	-1
188.6	0.805532	19.3773	-1
188.7	0.556316	22.2325	-1
188.8	0.466638	26.5343	-1
188.9	0.858776	28.3783	-1
189	1.40781	30.4867	-1
189.1	1.34689	31.5727	-1
189.2	1.01192	33.3376	-1
189.3	0.0195147	36.2403	-1
189.4	0.260507	38.9723	-1
189.5	0.89587	40.9929	-1
189.6	1.22116	43.0631	-1
189.7	0.180036	46.6215	-1
189.8	-0.383941	48.6663	-1
189.9	0.0456392	49.3093	-1
190	 	 	-1
190.1	 	 	-1
190.2	0.0163112	49.6098	-1
190.3	-0.0710067	49.2095	-1
190.4	-0.204993	48.8001	-1
190.5	-0.224622	48.6068	-1
190.6	-0.303009	48.8476	-1
190.7	-0.295099	48.8155	-1
190.8	-0.246468	48.85	-1
190.9	-0.166415	48.9831	-1
191	-0.0636888	49.3744	-1
191.1	 	 	-1
191.2	 	 	-1
191.3	 	 	-1
191.4	 	 	-1
191.5	 	 	-1
191.6	 	 	-1
191.7	 	 	-1
191.8	 	 	-1
191.9	 	 	-1
192	 	 	-1
192.1	 	 	-1
192.2	 	 	-1
192.3	 	 	-1
192.4	 	 	-1
192.5	 	 	-1
192.6	 	 	-1
192.7	 	 	-1
192.8	 	 	-1
192.9	 	 	-1
193	 	 	-1
193.1	 	 	-1
193.2	 	 	-1
193.3	 	 	-1
193.4	 	 	-1
193.5	 	 	-1
193.6	 	 	-1
193.7	 	 	-1
193.8	 	 	-1
193.9	 	 	-1
194	 	 	-1
194.1	 	 	-1
194.2	 	 	-1
194.3	 	 	-1
194.4	 	 	-1
194.5	 	 	-1
194.6	 	 	-1
194.7	 	 	-1
194.8	-0.792808	49.1023	-1
194.9	-1.31758	48.8357	-1
195	-0.652319	47.8288	-1
195.1	-0.16599	46.9828	-1
195.2	-0.0516393	46.5063	-1
195.3	-0.102799	46.367	-1
195.4	-0.249626	47.0256	-1
195.5	-0.359951	47.3624	-1
195.6	-0.169693	47.5733	-1
195.7	0.22314	47.8282	-1
195.8	0.321531	47.6864	-1
195.9	0.227208	46.9041	-1
196	0.303531	45.5942	-1
196.1	0.306112	45.1648	-1
196.2	0.143691	44.8044	-1
196.3	-0.0301255	45.0634	-1
196.4	 	 	-1
196.5	 	 	-1
196.6	 	 	-1
196.7	 	 	-1
196.8	 	 	-1
196.9	 	 	-1
197	 	 	-1
197.1	1.18966	47.7011	-1
197.2	 	 	-1
197.3	 	 	-1
197.4	 	 	-1
197.5	1.08639	44.9109	-1
197.6	1.00498	43.0756	-1
197.7	0.958443	41.8644	-1
197.8	1.09265	39.4249	-1
197.9	0.754494	38.14	-1
198	0.610969	37.2665	-1
198.1	0.613177	36.0914	-1
198.2	0.443863	34.4356	-1
198.3	0.372619	33.2975	-1
198.4	0.319776	32.0395	-1
198.5	-0.0530097	28.8395	-1
198.6	-0.686685	26.9791	-1
198.7	-0.492745	26.7291	-1
198.8	-0.310728	26.8186	-1
198.9	-0.433188	26.6801	-1
199	-0.536667	26.55	-1
199.1	-0.887686	26.775	-1
199.2	-0.872866	27.1527	-1
199.3	-0.875884	28.0109	-1
199.4	-0.724297	28.7526	-1
199.5	-0.646154	29.032	-1
199.6	-0.640182	29.2784	-1
199.7	 	 	-1
199.8	 	 	-1
199.9	 	 	-1
200	-0.329782	28.5132	-1
200.1	-0.656489	26.6217	-1
200.2	-0.0297762	25.5751	-1
200.3	0.588114	25.2075	-1
200.4	1.0702	23.2174	-1
200.5	1.05063	21.2761	-1
200.6	1.01125	19.7999	-1
200.7	1.15866	16.7199	-1
200.8	1.24308	15.3078	-1
200.9	0.91904	13.5669	-1
201	1.0631	13.7801	-1
201.1	1.00091	14.24	-1
201.2	1.12128	14.1231	-1
201.3	1.3172	14.0101	-1
201.4	1.43739	13.9399	-1
201.5	1.43663	13.818	-1
201.6	1.3886	14.0307	-1
201.7	1.39267	13.972	-1
201.8	1.52558	13.5217	-1
201.9	1.56201	13.3418	-1
202	1.51813	13.1425	-1
202.1	1.47619	13.1598	-1
202.2	1.50254	13.4006	-1
202.3	1.58672	13.4084	-1
202.4	1.67269	13.1475	-1
202.5	1.67971	13.1211	-1
202.6	1.69067	13.464	-1
202.7	1.77569	13.5064	-1
202.8	1.88563	12.896	-1
202.9	1.92472	12.7449	-1
203	1.86614	12.6192	-1
203.1	1.79823	12.7351	-1
203.2	1.78373	13.0089	-1
203.3	1.81281	12.875	-1
203.4	1.72338	13.0653	-1
203.5	1.64678	13.4295	-1
203.6	1.44825	13.8661	-1
203.7	1.44015	14.0508	-1
203.8	1.37526	13.8767	-1
203.9	1.41555	13.7879	-1
204	1.15367	13.3842	-1
204.1	0.929648	12.7517	-1
204.2	0.584945	11.168	-1
204.3	0.166534	10.8664	-1
204.4	-0.15401	10.5046	-1
204.5	-0.0305737	10.643	-1
204.6	0.352956	11.372	-1
204.7	0.368054	11.4787	-1
204.8	0.367797	11.5614	-1
204.9	0.204982	11.443	-1
205	-0.314601	10.5112	-1
205.1	-0.430924	10.0883	-1
205.2	-0.620929	9.50382	-1
205.3	-0.838517	9.19551	-1
205.4	-1.09183	8.50908	-1
205.5	-1.30587	8.15686	-1
205.6	-1.92075	6.86951	-1
205.7	-1.89693	6.38506	-1
205.8	-1.74941	5.90533	-1
205.9	-1.68794	5.87189	-1
206	-1.52136	5.79719	-1
206.1	-1.27181	5.38197	-1
206.2	-0.608509	3.93472	0
206.3	-0.340404	2.8057	0
206.4	-0.30132	0.341918	0
206.5	-0.405505	-1.11521	0
206.6	-0.499316	-3.69362	0
206.7	-0.265499	-5.11593	-1
206.8	0.242869	-7.28071	-1
206.9	0.309145	-8.05517	-1
207	-0.189518	-9.39342	-1
207.1	-0.305016	-10.1089	-1
207.2	-0.023836	-11.0942	-1
207.3	-0.0230101	-11.2585	-1
207.4	-0.0420483	-11.4714	-1
207.5	-0.170262	-12.0992	-1
207.6	-0.110801	-12.8577	-1
207.7	-0.0910211	-13.0657	-1
207.8	0.300662	-12.4094	-1
207.9	0.401405	-12.1741	-1
208	0.184223	-12.7801	-1
208.1	0.326609	-13.2513	-1
208.2	0.59349	-13.5093	-1
208.3	0.894239	-13.185	-1
208.4	1.22817	-13.001	-1
208.5	1.16237	-14.0587	-1
208.6	0.965648	-15.3727	-1
208.7	0.753663	-15.9797	-1
208.8	0.819505	-17.9647	-1
208.9	0.909673	-18.9478	-1
209	0.708733	-20.455	-1
209.1	0.626933	-20.6653	-1
209.2	0.186256	-20.5865	-1
209.3	0.207529	-19.6198	-1
209.4	0.632261	-19.272	-1
209.5	0.879403	-19.7827	-1
209.6	1.06154	-20.2809	-1
209.7	1.11846	-20.3347	-1
209.8	0.881888	-20.7523	-1
209.9	0.779925	-20.8514	-1
210	0.410135	-20.1158	-1
210.1	0.404752	-19.7478	-1
210.2	0.526997	-20.171	-1
210.3	0.766534	-20.6202	-1
210.4	1.16983	-21.0024	-1
210.5	0.829057	-21.2144	-1
210.6	-0.136799	-21.6167	-1
210.7	-0.203959	-21.8144	-1
210.8	-0.261164	-22.1923	-1
210.9	-0.130564	-22.2144	-1
211	-0.049069	-22.6275	-1
211.1	0.0967847	-22.9392	-1
211.2	0.166777	-23.1136	-1
211.3	0.429773	-22.5908	-1
211.4	0.632898	-22.145	-1
211.5	0.593363	-22.2633	-1
211.6	0.404105	-22.794	-1
211.7	0.209096	-23.0152	-1
211.8	-0.0105804	-23.1818	-1
211.9	-0.0319091	-22.9572	-1
212	-0.014278	-22.8412	-1
212.1	-0.102555	-22.9528	-1
212.2	-0.124017	-22.9171	-1
212.3	0.0855042	-22.6954	-1
212.4	0.255165	-22.487	-1
212.5	0.207136	-22.157	-1
212.6	0.00910891	-22.1846	-1
212.7	-0.288786	-22.6006	-1
212.8	0.261249	-21.7999	-1
212.9	0.1433	-21.7944	-1
213	-0.12706	-21.8846	-1
213.1	-0.034235	-21.9722	-1
213.2	-0.128924	-21.9826	-1
213.3	-0.610313	-21.3857	-1
213.4	-0.981352	-20.5819	-1
213.5	-0.617182	-20.036	-1
213.6	-0.45487	-20.1435	-1
213.7	0.269887	-19.0991	-1
213.8	0.520018	-18.6451	-1
213.9	0.59569	-18.1859	-1
214	0.513374	-16.7218	-1
214.1	0.354005	-13.7374	-1
214.2	0.459459	-12.3751	-1
214.3	0.974292	-10.6949	-1
214.4	1.09926	-10.211	-1
214.5	1.02923	-10.0415	-1
214.6	1.08162	-10.2957	-1
214.7	1.29769	-10.4746	-1
214.8	1.22327	-10.7157	-1
214.9	0.902855	-10.8813	-1
215	0.853355	-10.8732	-1
215.1	0.94976	-10.6851	-1
215.2	0.821141	-10.5321	-1
215.3	0.790873	-10.6546	-1
215.4	0.780785	-10.7278	-1
215.5	0.737619	-10.9457	-1
215.6	0.783788	-10.9115	-1
215.7	0.771988	-10.8347	-1
215.8	0.736765	-10.9463	-1
215.9	0.621015	-11.0743	-1
216	0.532943	-11.2717	-1
216.1	0.555069	-11.3377	-1
216.2	0.553411	-11.2894	-1
216.3	0.566457	-11.2942	-1
216.4	0.576788	-11.2424	-1
216.5	0.561679	-11.1868	-1
216.6	0.813181	-10.8145	-1
216.7	1.04311	-10.3345	-1
216.8	1.12981	-10.1693	-1
216.9	1.2332	-10.2391	-1
217	1.06202	-10.2849	-1
217.1	0.955206	-10.299	-1
217.2	0.823136	-10.7334	-1
217.3	0.747703	-11.0623	-1
217.4	0.790768	-11.3366	-1
217.5	0.813553	-11.2905	-1
217.6	0.745916	-11.3068	-1
217.7	0.685846	-11.4966	-1
217.8	0.686175	-11.2459	-1
217.9	0.542607	-11.4355	-1
218	0.497317	-11.6366	-1
218.1	0.543449	-11.8479	-1
218.2	0.472098	-12.1415	-1
218.3	0.692788	-12.3296	-1
218.4	0.795147	-12.2391	-1
218.5	0.996381	-11.8798	-1
218.6	1.11423	-11.4733	-1
218.7	1.22133	-11.0282	-1
218.8	1.23752	-10.9664	-1
218.9	1.30186	-10.8707	-1
219	1.25121	-10.9212	-1
219.1	1.27707	-11.0934	-1
219.2	1.34349	-11.1191	-1
219.3	1.46404	-10.3885	-1
219.4	1.65452	-10.0853	-1
219.5	1.46657	-10.338	-1
219.6	1.34035	-10.2288	-1
219.7	1.30962	-10.266	-1
219.8	1.17281	-10.4254	-1
219.9	0.956143	-10.2392	-1
220	0.866232	-10.1305	-1
220.1	0.761249	-9.51753	-1
220.2	0.454294	-9.62378	-1
220.3	0.0391161	-9.63789	-1
220.4	-0.243794	-9.76766	-1
220.5	-0.812809	-10.5913	-1
220.6	-0.848854	-10.2866	-1
220.7	-0.746691	-9.6749	-1
220.8	-0.519524	-10.172	-1
220.9	-0.34303	-10.8322	-1
221	-0.36973	-10.7134	-1
221.1	-0.375736	-9.72432	-1
221.2	-0.240669	-9.57476	-1
221.3	-0.214909	-9.45285	-1
221.4	-0.291615	-9.50688	-1
221.5	-0.888943	-8.66634	-1
221.6	-1.48848	-7.90664	-1
221.7	 	 	-1
221.8	 	 	-1
221.9	 	 	-1
222	 	 	-1
222.1	-2.45627	-7.36172	-1
222.2	-2.39341	-7.25895	-1
222.3	-2.3526	-7.19962	-1
222.4	-2.37759	-7.19278	-1
222.5	-2.36405	-7.27133	-1
222.6	-2.52323	-7.06205	-1
222.7	-2.82421	-6.61852	-1
222.8	-2.79918	-6.4087	-1
222.9	-2.46998	-6.61886	-1
223	-2.45517	-6.68183	-1
223.1	-2.47807	-6.69493	-1
223.2	-2.41445	-6.75402	-1
223.3	-1.19549	-8.27886	-1
223.4	-0.988038	-8.91223	-1
223.5	-1.16	-9.44	-1
223.6	-1.07133	-9.37679	-1
223.7	-0.463581	-9.7386	-1
223.8	-0.475052	-9.227	-1
223.9	-0.436091	-8.14043	-1
224	-0.322768	-7.75392	-1
224.1	0.262314	-6.53094	-1
224.2	0.638548	-5.91536	-1
224.3	1.3819	-5.18764	-1
224.4	1.57253	-5.0605	-1
224.5	1.56175	-4.77688	0
224.6	1.61467	-4.62656	0
224.7	1.85663	-4.19722	0
224.8	1.98507	-3.51056	0
224.9	2.23614	-2.88117	0
225	2.4295	-2.73914	0
225.1	2.67991	-2.29698	0
225.2	2.91228	-2.0025	0
225.3	3.4166	-2.10095	0
225.4	3.51905	-2.17205	0
225.5	3.46276	-2.25807	0
225.6	3.53485	-2.17473	0
225.7	3.62686	-2.20804	0
225.8	3.56576	-2.30004	0
225.9	3.5041	-2.13911	0
226	3.60193	-2.11498	0
226.1	3.59416	-2.26996	0
226.2	3.56494	-2.21615	0
226.3	3.51461	-2.10456	0
226.4	3.52355	-2.18777	0
226.5	3.51578	-2.26464	0
226.6	3.50702	-2.27569	0
226.7	3.41999	-2.29967	0
226.8	3.3715	-2.22625	0
226.9	3.2854	-2.15127	0
227	3.27944	-2.11016	0
227.1	3.38147	-2.19943	0
227.2	3.39398	-2.3024	0
227.3	3.34185	-2.33039	0
227.4	3.37549	-2.30931	0
227.5	3.38711	-2.30837	0
227.6	3.37468	-2.28799	0
227.7	3.34633	-2.35091	0
227.8	3.25535	-2.45279	0
227.9	3.09427	-2.55231	0
228	3.06169	-2.54406	0
228.1	3.13387	-2.42625	0
228.2	3.21005	-2.36509	0
228.3	3.41033	-2.24252	0
228.4	3.50983	-2.22492	0
228.5	3.61423	-2.2093	0
228.6	3.58627	-2.20398	0
228.7	3.23959	-2.28817	0
228.8	3.20163	-2.31066	0
228.9	3.36052	-2.27784	0
229	3.82017	-1.96885	0
229.1	4.85095	-1.58439	0
229.2	5.68964	-1.25342	1
229.3	6.46545	-1.0766	1
229.4	8.20927	-0.592959	1
229.5	9.36216	-0.33687	1
229.6	9.94706	-0.0354087	1
229.7	10.857	0.472706	1
229.8	11.3784	0.777784	1
229.9	11.4791	0.857038	1
230	12.0405	0.930498	1
230.1	14.0139	0.8416	1
230.2	14.3643	0.756058	1
230.3	14.1126	0.552919	1
230.4	13.7652	0.525882	1
230.5	13.6506	0.495882	1
230.6	13.3937	0.352509	1
230.7	12.8365	0.142721	1
230.8	12.6705	0.136477	1
230.9	12.5742	0.193901	1
231	12.4584	0.267756	1
231.1	12.37	0.255977	1
231.2	12.2291	0.242411	1
231.3	12.0772	0.228398	1
231.4	12.1374	0.286058	1
231.5	12.1725	0.302305	1
231.6	12.1314	0.311417	1
231.7	12.0624	0.300861	1
231.8	11.9961	0.272247	1
231.9	11.8334	0.201341	1
232	11.655	0.112992	1
232.1	11.6347	0.0788889	1
232.2	11.4911	0.0959429	1
232.3	11.5355	0.104865	1
232.4	11.3897	0.0752321	1
232.5	11.2018	0.023273	1
232.6	11.0121	-0.0216709	1
232.7	11.0895	0.0681255	1
232.8	11.7213	0.382407	1
232.9	11.8182	0.330691	1
233	12.5818	0.271018	1
233.1	12.758	0.162937	1
233.2	12.7681	-0.155226	1
233.3	12.7516	-0.691782	1
233.4	12.9584	-0.727176	1
233.5	13.6804	-0.82802	1
233.6	15.4845	-1.07583	1
233.7	16.4962	-1.16146	1
233.8	18.0037	-1.33191	1
233.9	20.927	-0.929759	1
234	23.4764	-1.01167	1
234.1	24.7791	-1.18284	1
234.2	26.3753	-1.80036	1
234.3	27.3376	-1.85541	1
234.4	30.3599	-1.80455	1
234.5	31.7631	-1.7851	1
234.6	34.0862	-1.73144	1
234.7	35.1624	-1.54963	1
234.8	36.1801	-1.34165	1
234.9	38.3622	-1.68383	1
235	38.0054	-1.79508	1
235.1	38.3991	-1.48019	1
235.2	38.7494	-1.24743	1
235.3	39.8504	-1.11971	1
235.4	40.7504	-0.922322	1
235.5	41.3362	-0.899001	1
235.6	42.697	-0.929532	1
235.7	42.9982	-0.961101	1
235.8	42.9147	-0.962887	1
235.9	42.5668	-0.895464	1
236	42.3622	-0.754007	1
236.1	42.3097	-0.785632	1
236.2	42.5644	-0.873666	1
236.3	42.658	-0.861396	1
236.4	42.6058	-0.844583	1
236.5	42.457	-0.840833	1
236.6	42.2713	-0.760042	1
236.7	42.1943	-0.762645	1
236.8	42.2978	-0.728971	1
236.9	42.3287	-0.764404	1
237	42.2983	-0.856006	1
237.1	42.178	-0.952247	1
237.2	42.5773	-1.28937	1
237.3	43.3885	-1.32618	1
237.4	44.1303	-1.26773	1
237.5	44.0675	-1.21403	1
237.6	44.4978	-0.69441	1
237.7	45.0504	-0.281787	1
237.8	45.957	0.246812	1
237.9	46.25	0.324986	1
238	46.6314	0.447075	1
238.1	46.5864	0.547597	1
238.2	46.5844	0.497768	1
238.3	46.3928	0.424	1
238.4	45.7973	0.356656	1
238.5	45.6835	0.325812	1
238.6	45.2049	0.195741	1
238.7	44.9618	0.0584895	1
238.8	44.2794	0.260148	1
238.9	44.0426	0.349567	1
239	43.6178	0.434394	1
239.1	43.4737	0.405028	1
239.2	43.3592	0.295973	1
239.3	43.1383	0.299456	1
239.4	43.1707	0.351285	1
239.5	43.2256	0.379515	1
239.6	43.5277	0.587302	1
239.7	43.614	0.636055	1
239.8	43.8414	0.834816	1
239.9	44.3937	0.901051	1
240	43.9476	0.254975	1
240.1	43.425	0.104926	1
240.2	42.9492	0.0900754	1
240.3	43.0023	0.0647975	1
240.4	43.5556	-0.0284185	1
240.5	43.7511	-0.010111	1
240.6	44.1399	-0.0372316	1
240.7	44.3658	-0.0936907	1
240.8	43.8626	-0.164689	1
240.9	43.7051	-0.18043	1
241	43.7217	-0.163483	1
241.1	43.8718	-0.200057	1
241.2	44.2766	-0.324745	1
241.3	44.295	-0.341991	1
241.4	44.309	-0.253071	1
241.5	44.1566	-0.225707	1
241.6	44.169	-0.285731	1
241.7	44.1261	-0.295501	1
241.8	44.6917	-0.523689	1
241.9	44.7468	-0.517074	1
242	44.3561	-0.525818	1
242.1	43.6033	-0.455224	1
242.2	41.6493	-0.425183	1
242.3	40.6821	-0.487928	1
242.4	40.0068	-0.585012	1
242.5	40.0662	-0.626712	1
242.6	39.8515	-0.72721	1
242.7	39.6968	-0.761442	1
242.8	39.634	-0.745455	1
242.9	39.545	-0.743504	1
243	39.4293	-0.760428	1
243.1	39.2952	-0.7785	1
243.2	39.1963	-0.760928	1
243.3	39.3451	-0.753589	1
243.4	39.0884	-0.5539	1
243.5	39.2851	-0.483527	1
243.6	39.955	-0.689626	1
243.7	39.9547	-0.71647	1
243.8	38.919	-0.566728	1
243.9	38.3124	-0.497899	1
244	36.6471	-0.282103	1
244.1	35.8008	-0.554645	1
244.2	34.6868	-0.710903	1
244.3	31.7429	-0.313414	1
244.4	30.5442	-0.24023	1
244.5	29.0758	-0.102085	1
244.6	26.4694	0.0794101	1
244.7	24.2457	0.134579	1
244.8	20.0978	-0.480489	1
244.9	16.4404	-0.847592	1
245	14.5608	-0.658132	1
245.1	10.5522	-0.499665	1
245.2	8.32745	-0.66784	1
245.3	5.31292	-1.25297	1
245.4	4.30226	-1.15805	0
245.5	3.46077	-0.866685	0
245.6	3.26942	-0.523881	0
245.7	3.37848	-0.46607	0
245.8	3.56351	-0.554045	0
245.9	3.63712	-0.589777	0
246	3.60897	-0.640126	0
246.1	3.68971	-0.654887	0
246.2	3.71504	-0.64906	0
246.3	3.66227	-0.659696	0
246.4	3.74106	-0.664465	0
246.5	3.67148	-0.647331	0
246.6	3.66444	-0.642886	0
246.7	3.67109	-0.639176	0
246.8	3.66739	-0.630725	0
246.9	3.74954	-0.613688	0
247	3.77768	-0.606524	0
247.1	3.6962	-0.582804	0
247.2	3.32244	-0.684771	0
247.3	2.76083	-0.918783	0
247.4	2.40341	-0.952919	0
247.5	2.02013	-0.970526	0
247.6	1.9613	-0.909863	0
247.7	1.76285	-0.915018	0
247.8	1.72039	-0.967714	0
247.9	1.72589	-1.06772	0
248	2.01595	-1.04747	0
248.1	2.20743	-1.00404	0
248.2	2.24563	-0.991212	0
248.3	2.142	-1.00898	0
248.4	2.14316	-1.00294	0
248.5	2.05071	-1.00328	0
248.6	2.06337	-1.00098	0
248.7	2.08711	-0.995974	0
248.8	2.09622	-0.991411	0
248.9	2.11848	-0.977197	0
249	2.04546	-0.982066	0
249.1	2.05287	-0.984155	0
249.2	2.04269	-0.983261	0
249.3	1.99749	-0.983747	0
249.4	1.99093	-0.986179	0
249.5	2.01103	-0.981049	0
249.6	2.02861	-0.986049	0
249.7	2.00375	-0.981556	0
249.8	1.99875	-0.986496	0
249.9	2.01975	-0.982761	0
250	2.00817	-0.990357	0
250.1	2.13053	-0.984098	0
250.2	2.14411	-0.979498	0
250.3	2.2017	-0.950506	0
250.4	2.22986	-0.955537	0
250.5	2.12351	-0.965169	0
250.6	2.13796	-0.954855	0
250.7	2.14511	-0.947738	0
250.8	2.17435	-0.956357	0
250.9	2.22623	-0.943539	0
251	2.21702	-0.945579	0
251.1	2.15628	-0.947907	0
251.2	2.15923	-0.948485	0
251.3	2.21146	-0.94516	0
251.4	2.22224	-0.945166	0
251.5	2.21633	-0.94678	0
251.6	2.21156	-0.947671	0
251.7	2.13553	-0.941248	0
251.8	2.12034	-0.935921	0
251.9	2.12329	-0.935297	0
252	2.18893	-0.930733	0
252.1	2.32953	-0.937322	0
252.2	2.2501	-0.94292	0
252.3	2.33513	-0.921165	0
252.4	2.63758	-0.8382	0
252.5	3.01323	-0.820954	0
252.6	3.18288	-0.799351	0
252.7	3.5205	-0.725296	0
252.8	3.55667	-0.668155	0
252.9	3.79181	-0.611866	0
253	3.87943	-0.644312	0
253.1	3.63442	-0.731509	0
253.2	3.56313	-0.763075	0
253.3	3.58783	-0.722046	0
253.4	3.58295	-0.71619	0
253.5	3.50651	-0.723607	0
253.6	3.53103	-0.69448	0
253.7	3.64981	-0.650507	0
253.8	3.529	-0.672952	0
253.9	3.43635	-0.735181	0
254	3.42607	-0.736192	0
254.1	3.36449	-0.723077	0
254.2	3.40041	-0.710345	0
254.3	3.41989	-0.683734	0
254.4	3.44814	-0.666977	0
254.5	3.39896	-0.691705	0
254.6	3.34043	-0.701553	0
254.7	3.29449	-0.735047	0
254.8	3.24832	-0.775698	0
254.9	3.37464	-0.720151	0
255	3.34997	-0.658377	0
255.1	3.39506	-0.654783	0
255.2	3.3742	-0.684602	0
255.3	3.40058	-0.757815	0
255.4	3.42174	-0.757101	0
255.5	3.17221	-0.780713	0
255.6	3.1189	-0.753785	0
255.7	3.11699	-0.717386	0
255.8	3.28813	-0.658884	0
255.9	3.26315	-0.561114	0
256	3.06101	-0.499943	0
256.1	2.55244	-0.353221	0
256.2	2.19458	-0.255516	0
256.3	1.81052	-0.0767354	0
256.4	1.73747	-0.0702139	0
256.5	1.70235	-0.101309	0
256.6	1.75505	-0.0707164	0
256.7	1.76214	-0.0859166	0
256.8	1.7587	-0.084936	0
256.9	1.7923	-0.0910929	0
257	1.77426	-0.0953108	0
257.1	1.77313	-0.096048	0
257.2	1.73814	-0.0777476	0
257.3	1.86071	-0.0303532	0
257.4	2.48348	-0.18462	0
257.5	2.99132	-0.257595	0
257.6	3.08069	-0.218456	0
257.7	3.284	-0.257235	0
257.8	3.32015	-0.35031	0
257.9	3.11011	-0.265021	0
258	3.04858	-0.250278	0
258.1	2.65289	-0.137033	0
258.2	2.21697	-0.0127864	0
258.3	2.0287	0.107288	0
258.4	1.44489	0.15529	0
258.5	1.24541	-0.109798	0
258.6	0.81316	-0.204492	0
258.7	0.434167	-0.0837179	0
258.8	0.323495	-0.0968932	0
258.9	-0.0908913	-0.0163956	0
259	-0.344764	0.0539267	0
259.1	-0.900365	0.150382	0
259.2	-0.848932	0.153738	0
259.3	-0.806954	0.228954	0
259.4	-0.878833	0.243341	0
259.5	-0.532773	0.202826	0
259.6	-0.502085	0.231204	0
259.7	-0.462708	0.231154	0
259.8	-0.471247	0.228352	0
259.9	-0.465327	0.220369	0
260	-0.543566	0.235523	0
260.1	-0.772032	0.308384	0
260.2	-0.839879	0.328284	0
260.3	-0.857467	0.335249	0
260.4	-0.756254	0.326823	0
260.5	-0.34344	0.380321	0
260.6	-0.28008	0.300267	0
260.7	-0.455015	0.203509	0
260.8	-0.619173	0.227381	0
260.9	-2.01744	0.462759	0
261	-2.58826	0.447981	0
261.1	-3.61787	0.230455	0
261.2	-3.77713	0.242293	0
261.3	-3.47203	0.228475	0
261.4	-3.52984	0.11278	0
261.5	-3.74015	0.105769	0
261.6	-3.89527	0.113781	0
261.7	-4.38728	-0.139334	0
261.8	-4.95519	-0.261651	0
261.9	-5.58522	-0.465591	1
262	-5.87598	-0.56794	1
262.1	-5.86129	-0.594135	1
262.2	-5.66193	-0.603962	1
262.3	-5.78956	-0.619346	1
262.4	-5.69426	-0.589889	1
262.5	-4.94023	-0.402467	0
262.6	-4.07241	-0.210517	0
262.7	-3.2245	-0.0583609	0
262.8	-3.00079	0.0822067	0
262.9	-2.3316	0.430856	0
263	-2.14887	0.497075	0
263.1	-1.57588	0.725587	0
263.2	-1.15766	0.875513	0
263.3	-0.970169	0.912257	0
263.4	-0.83637	0.828801	0
263.5	-1.08221	0.663889	0
263.6	-1.17694	0.531866	0
263.7	-1.09967	0.477785	0
263.8	-0.992806	0.538129	0
263.9	-1.07038	0.583018	0
264	-1.07633	0.572387	0
264.1	-1.40013	0.479161	0
264.2	-1.55229	0.412876	0
264.3	-1.86641	0.389293	0
264.4	-1.70173	0.593402	0
264.5	-1.70441	0.915965	0
264.6	-1.57246	1.38371	0
264.7	-1.25742	1.26292	0
264.8	-0.937986	0.986797	0
264.9	-0.164118	0.0337623	0
265	0.0287696	-0.776634	0
265.1	-0.160541	-2.38335	0
265.2	-0.126985	-3.45321	0
265.3	-0.0217338	-4.21502	0
265.4	0.303137	-5.65451	-1
265.5	0.0587487	-5.63653	-1
265.6	-0.214548	-6.09096	-1
265.7	-0.449527	-6.3748	-1
265.8	-0.442957	-6.16902	-1
265.9	-0.501188	-6.10638	-1
266	-0.504896	-6.12003	-1
266.1	-0.422002	-6.07517	-1
266.2	-0.473375	-6.03872	-1
266.3	-0.612915	-6.08458	-1
266.4	-0.409659	-6.67834	-1
266.5	-0.196314	-7.29372	-1
266.6	0.00321932	-8.18598	-1
266.7	0.05202	-8.30277	-1
266.8	0.187811	-8.38397	-1
266.9	0.347482	-8.41541	-1
267	0.0865682	-8.71632	-1
267.1	-0.789178	-8.26858	-1
267.2	-0.702904	-8.3046	-1
267.3	-0.557826	-8.26784	-1
267.4	-0.141705	-7.90703	-1
267.5	0.486894	-8.60144	-1
267.6	0.432519	-8.00201	-1
267.7	0.67908	-6.4666	-1
267.8	0.901776	-5.94781	-1
267.9	0.979209	-5.89267	-1
268	0.958353	-5.93331	-1
268.1	1.20507	-6.07327	-1
268.2	1.36694	-5.88086	-1
268.3	2.14501	-4.92666	0
268.4	2.44919	-4.40193	0
268.5	2.59372	-4.18421	0
268.6	2.42908	-4.36454	0
268.7	2.15647	-4.51065	0
268.8	2.14907	-4.53768	0
268.9	2.26447	-4.39892	0
269	2.37	-4.36133	0
269.1	2.38943	-4.37358	0
269.2	2.44153	-4.3539	0
269.3	2.44904	-4.375	0
269.4	2.43535	-4.37727	0
269.5	2.44974	-4.35404	0
269.6	2.46712	-4.33346	0
269.7	2.49475	-4.33408	0
269.8	2.4777	-4.35252	0
269.9	2.43797	-4.41652	0
270	2.4856	-4.39138	0
270.1	2.45327	-4.28423	0
270.2	2.45585	-4.28398	0
270.3	2.41233	-4.35376	0
270.4	2.40686	-4.35953	0
270.5	2.23823	-4.62606	0
270.6	2.07182	-4.81368	0
270.7	1.96118	-4.94481	0
270.8	1.99826	-4.89064	0
270.9	2.04044	-4.78833	0
271	2.05229	-4.79105	0
271.1	1.94508	-4.93367	0
271.2	1.90801	-4.97053	0
271.3	2.05378	-4.83573	0
271.4	2.0083	-4.85989	0
271.5	2.25543	-4.67307	0
271.6	2.47842	-4.4999	0
271.7	2.78037	-4.46545	0
271.8	2.72881	-4.68033	0
271.9	3.00445	-4.84043	0
272	3.3349	-4.7662	0
272.1	3.62047	-4.54467	0
272.2	3.42998	-4.58585	0
272.3	3.28182	-4.59623	0
272.4	3.29312	-4.57197	0
272.5	3.35899	-4.3816	0
272.6	3.35478	-4.31251	0
272.7	3.22423	-4.23983	0
272.8	2.89661	-4.41824	0
272.9	2.38617	-4.55248	0
273	1.7509	-4.5085	0
273.1	1.73198	-4.35372	0
273.2	1.82979	-4.33358	0
273.3	2.13877	-4.30042	0
273.4	2.33558	-4.17016	0
273.5	2.575	-4.14256	0
273.6	2.58673	-4.13942	0
273.7	2.47657	-4.28687	0
273.8	2.45866	-4.30717	0
273.9	2.44303	-4.30241	0
274	2.5152	-4.23394	0
274.1	2.53124	-4.23651	0
274.2	2.50023	-4.24507	0
274.3	2.40528	-4.37505	0
274.4	2.38599	-4.40053	0
274.5	2.39887	-4.3841	0
274.6	2.41735	-4.37554	0
274.7	2.49619	-4.26397	0
274.8	2.53375	-4.22157	0
274.9	2.46349	-4.27638	0
275	2.4203	-4.31746	0
275.1	2.13533	-4.5968	0
275.2	1.63644	-5.08717	-1
275.3	0.688058	-6.26345	-1
275.4	0.277798	-6.65769	-1
275.5	-0.281603	-6.86595	-1
275.6	-0.445455	-6.89506	-1
275.7	-0.043845	-6.68891	-1
275.8	0.305311	-6.63119	-1
275.9	1.02041	-6.39059	-1
276	1.07012	-6.40219	-1
276.1	0.995997	-6.34464	-1
276.2	1.05305	-6.35991	-1
276.3	1.4942	-6.08202	-1
276.4	1.61211	-5.92069	-1
276.5	1.90859	-5.6812	-1
276.6	2.01125	-5.53267	-1
276.7	2.10354	-5.37861	-1
276.8	2.17159	-5.31047	-1
276.9	2.08571	-5.38544	-1
277	1.93812	-5.4456	-1
277.1	1.10991	-5.13741	-1
277.2	0.334512	-4.81981	0
277.3	-1.1038	-4.81218	0
277.4	-1.36689	-4.43198	0
277.5	-1.49659	-4.18059	0
277.6	-1.56845	-3.98021	0
277.7	-1.58025	-3.99328	0
277.8	-1.56499	-4.12555	0
277.9	-1.56905	-4.06706	0
278	-1.68067	-3.9137	0
278.1	-1.7438	-3.84284	0
278.2	-1.83707	-3.69647	0
278.3	-1.99736	-3.58113	0
278.4	-2.33375	-3.34377	0
278.5	-2.43883	-3.10871	0
278.6	-2.60162	-2.83605	0
278.7	-2.43192	-2.97933	0
278.8	-2.46086	-2.93567	0
278.9	-2.55911	-2.83137	0
279	-2.63207	-2.74422	0
279.1	-2.59709	-2.55827	0
279.2	-2.5969	-2.39379	0
279.3	-2.99389	-1.84782	0
279.4	-3.98113	-0.896214	0
279.5	-4.4872	-0.790131	0
279.6	-4.88424	-0.698499	0
279.7	-5.16202	-0.592738	1
279.8	-5.07769	-0.811022	1
279.9	-4.95014	-0.96751	0
280	-4.88234	-1.17959	0
280.1	-4.68802	-1.23696	0
280.2	-4.60014	-1.35662	0
280.3	-4.94962	-1.4016	0
280.4	-4.93496	-1.39414	0
280.5	-4.9929	-1.43147	0
280.6	-5.01788	-1.37356	1
280.7	-4.99828	-1.32287	0
280.8	-4.94616	-1.39198	0
280.9	-4.90964	-1.42365	0
281	-5.06592	-1.2964	1
281.1	-5.34375	-1.26374	1
281.2	-5.5781	-0.917436	1
281.3	-5.38995	-0.95185	1
281.4	-4.9412	-1.04375	0
281.5	-4.79491	-1.03718	0
281.6	-4.57257	-1.07325	0
281.7	-4.49569	-1.05032	0
281.8	-4.46291	-1.0737	0
281.9	-4.42646	-1.06382	0
282	-4.67324	-1.03048	0
282.1	-4.70838	-1.08019	0
282.2	-4.91836	-0.832925	0
282.3	-5.02475	-0.756488	1
282.4	-4.44842	-0.988245	0
282.5	-4.31535	-0.84505	0
282.6	-4.55531	-0.972724	0
282.7	-4.68375	-1.00103	0
282.8	-4.67284	-1.03967	0
282.9	-5.07913	-1.01268	1
283	-5.38771	-0.844027	1
283.1	-5.27057	-0.969562	1
283.2	-5.04857	-1.04187	1
283.3	-4.9754	-1.09824	0
283.4	-5.0851	-0.977426	1
283.5	-5.1249	-1.01036	1
283.6	-5.01078	-1.1321	1
283.7	-4.80868	-1.14444	0
283.8	-4.68896	-1.09326	0
283.9	-4.69285	-1.06055	0
284	-4.69967	-1.05219	0
284.1	-4.76406	-1.01094	0
284.2	-4.829	-0.891176	0
284.3	-4.79043	-0.818573	0
284.4	-5.31855	-0.4664	1
284.5	-6.5345	-0.26274	1
284.6	-7.04507	-0.556103	1
284.7	-7.47096	-0.629099	1
284.8	-8.31641	-0.542264	1
284.9	-8.50223	-0.562398	1
285	-8.68944	-0.532485	1
285.1	-8.8615	-0.534571	1
285.2	-9.00316	-0.468775	1
285.3	-8.9892	-0.411343	1
285.4	-10.2962	-0.444535	1
285.5	-11.417	-0.572499	1
285.6	-12.4655	-0.790815	1
285.7	-15.545	-1.08512	1
285.8	-18.636	-0.560289	1
285.9	-19.8949	-0.454816	1
286	-21.4096	-0.595505	1
286.1	-25.2372	-0.758844	1
286.2	-26.763	-0.682197	1
286.3	-29.7408	0.214708	1
286.4	-31.342	0.772417	1
286.5	-33.8357	0.859796	1
286.6	-35.248	0.419598	1
286.7	-38.8863	0.168702	1
286.8	-40.1077	0.156443	1
286.9	-42.3056	0.649954	1
287	-43.3422	1.12067	1
287.1	-43.6054	1.26219	1
287.2	-44.2521	1.27988	1
287.3	-44.6014	1.08914	1
287.4	-45.2965	1.02676	1
287.5	-45.535	0.986359	1
287.6	-45.625	0.942214	1
287.7	-45.6037	0.94022	1
287.8	-45.5162	0.855464	1
287.9	-45.5346	0.856714	1
288	-45.5782	0.859231	1
288.1	-45.5752	0.838015	1
288.2	-45.5542	0.800436	1
288.3	-45.5788	0.806889	1
288.4	-45.6125	0.806411	1
288.5	-45.6824	0.807582	1
288.6	-45.6347	0.798357	1
288.7	-45.6442	0.776796	1
288.8	-45.2968	0.765992	1
288.9	-45.4826	0.773875	1
289	-45.7017	0.536932	1
289.1	-45.9943	0.319407	1
289.2	-46.2686	0.0417274	1
289.3	-46.1404	-0.0624072	1
289.4	-46.3378	-0.0637885	1
289.5	-46.2231	-0.106975	1
289.6	-46.0816	-0.162186	1
289.7	-46.1636	-0.00504157	1
289.8	-46.3706	0.162476	1
289.9	-46.5749	0.232425	1
290	-46.62	0.268747	1
290.1	-46.7701	0.278659	1
290.2	-46.9103	0.278263	1
290.3	-46.9982	0.227402	1
290.4	-47.3386	0.274746	1
290.5	-47.5555	0.226871	1
290.6	-47.8038	0.191553	1
290.7	-47.8437	0.180085	1
290.8	-47.9947	0.195763	1
290.9	-47.9141	0.262447	1
291	-47.753	0.231114	1
291.1	-47.7383	0.210383	1
291.2	-47.4412	0.144946	1
291.3	-47.278	0.116737	1
291.4	-46.9038	0.102646	1
291.5	-46.7866	0.0518949	1
291.6	-46.641	-0.0965912	1
291.7	-46.5357	-0.111659	1
291.8	-46.0924	0.125346	1
291.9	-45.8608	0.254649	1
292	-45.132	0.429856	1
292.1	-44.8404	0.415397	1
292.2	-44.4132	0.387308	1
292.3	-43.8799	0.347184	1
292.4	-43.0531	0.277794	1
292.5	-42.6636	0.246212	1
292.6	-42.2117	0.0226472	1
292.7	-42.031	-0.0095356	1
292.8	-41.9792	0.0120684	1
292.9	-41.9632	-0.072669	1
293	-42.0053	-0.145087	1
293.1	-42.0869	-0.121343	1
293.2	-42.0381	-0.0877689	1
293.3	-42.1817	-0.107337	1
293.4	-42.1902	-0.145327	1
293.5	-42.22	-0.133227	1
293.6	-42.2345	-0.122672	1
293.7	-42.2084	-0.122276	1
293.8	-42.2565	-0.096925	1
293.9	-42.5197	0.0570328	1
294	-42.5901	0.0809724	1
294.1	-42.6441	0.0860006	1
294.2	-42.7738	0.0398308	1
294.3	-42.9637	-0.00328084	1
294.4	-43.1849	0.000925926	1
294.5	-43.4829	-0.0207497	1
294.6	-44.6194	0.198475	1
294.7	-44.8632	0.369593	1
294.8	-44.0991	0.29235	1
294.9	-43.4146	0.080198	1
295	-43.8199	-0.302754	1
295.1	-44.5792	-0.313498	1
295.2	-44.283	-0.40181	1
295.3	-43.8623	-0.405523	1
295.4	-43.649	-0.516226	1
295.5	-43.3861	-0.690263	1
295.6	-42.2069	-0.641491	1
295.7	-41.7051	-0.555787	1
295.8	-40.883	-0.407339	1
295.9	-40.0969	-0.341142	1
296	-38.0932	-0.551421	1
296.1	-37.1323	-0.382834	1
296.2	-37.5404	-0.429047	1
296.3	-38.3254	-0.542449	1
296.4	-38.2565	-0.589362	1
296.5	-38.3106	-0.59684	1
296.6	-38.3421	-0.592205	1
296.7	-38.3238	-0.564082	1
296.8	-38.1551	-0.435334	1
296.9	-38.1129	-0.436769	1
297	-38.1935	-0.456921	1
297.1	-38.1964	-0.476582	1
297.2	-38.2152	-0.471192	1
297.3	-38.0821	-0.332731	1
297.4	-37.8469	-0.237169	1
297.5	-37.7382	-0.193548	1
297.6	-38.1801	-0.25578	1
297.7	-38.0167	-0.18794	1
297.8	-37.6167	-0.166875	1
297.9	-36.1269	0.203519	1
298	-34.8787	-0.21337	1
298.1	-33.7988	-0.360763	1
298.2	-32.6591	-0.332478	1
298.3	-29.1754	-0.161083	1
298.4	-23.8143	-0.122968	1
298.5	-21.4971	-0.0173267	1
298.6	-19.1021	0.0531284	1
298.7	-13.7441	-0.636129	1
298.8	-9.39442	-1.4795	1
298.9	-8.0968	-1.41367	1
299	-6.73914	-1.31971	1
299.1	-4.2727	-1.19019	0
299.2	-1.82503	-1.46807	0
299.3	-1.1567	-0.656975	0
299.4	-0.905243	0.621685	0
299.5	-0.0301583	3.46887	0
299.6	1.04311	6.66624	-1
299.7	1.0429	7.2892	-1
299.8	0.744476	7.20909	-1
299.9	0.854331	7.25098	-1
300	0.825853	8.02811	-1
300.1	0.930609	8.38857	-1
300.2	1.1932	8.73174	-1
300.3	1.01093	8.58934	-1
300.4	0.268076	10.1405	-1
300.5	-0.226875	10.2072	-1
300.6	-0.673569	8.38176	-1
300.7	-0.727071	7.87425	-1
300.8	-0.767524	7.86664	-1
300.9	-0.820854	8.05402	-1
301	-0.9682	8.34952	-1
301.1	-0.961105	8.27283	-1
301.2	-0.975337	8.21573	-1
301.3	-0.964648	8.23202	-1
301.4	-0.948138	8.15211	-1
301.5	-0.941851	8.14028	-1
301.6	-0.946439	8.11218	-1
301.7	-0.95355	8.14998	-1
301.8	-0.956246	8.14325	-1
301.9	-0.951677	8.12869	-1
302	-0.93944	8.14289	-1
302.1	-0.908052	8.1376	-1
302.2	-0.87009	8.08237	-1
302.3	-0.858399	8.10493	-1
302.4	-0.828256	8.1716	-1
302.5	-0.838272	8.16101	-1
302.6	-0.806128	8.10467	-1
302.7	-0.810799	8.08419	-1
302.8	-0.832037	8.0777	-1
302.9	-0.843081	8.06854	-1
303	-0.838827	8.03082	-1
303.1	-0.830007	8.07602	-1
303.2	-0.827478	8.07606	-1
303.3	-0.830086	8.07758	-1
303.4	-0.806438	8.06938	-1
303.5	-0.801215	8.05709	-1
303.6	-0.802944	8.06887	-1
303.7	-0.804718	8.07105	-1
303.8	-0.827628	8.06605	-1
303.9	-0.953482	8.62491	-1
304	-1.16711	8.91368	-1
304.1	-1.05753	8.84549	-1
304.2	-0.981014	8.96552	-1
304.3	-0.99405	8.96423	-1
304.4	-1.00446	8.91646	-1
304.5	-1.00518	8.90641	-1
304.6	-1.04532	8.81046	-1
304.7	-1.05286	8.76966	-1
304.8	-1.06044	8.79208	-1
304.9	-1.06461	8.76381	-1
305	-1.08775	8.71297	-1
305.1	-1.00303	8.68923	-1
305.2	-0.826982	8.73055	-1
305.3	-0.769768	8.83441	-1
305.4	-0.706403	9.04866	-1
305.5	-0.693665	9.06351	-1
305.6	-0.661586	9.05843	-1
305.7	-0.667772	9.06176	-1
305.8	-0.676044	9.11591	-1
305.9	-0.669391	9.14588	-1
306	-0.674413	9.14675	-1
306.1	-0.700689	9.13032	-1
306.2	-0.684094	9.10203	-1
306.3	-0.69151	9.08529	-1
306.4	-0.686626	9.10423	-1
306.5	-0.689708	9.0947	-1
306.6	-0.722304	9.00371	-1
306.7	-0.721099	8.97925	-1
306.8	-0.729407	8.96955	-1
306.9	-0.746904	8.94659	-1
307	-0.681995	9.09547	-1
307.1	-0.70546	9.03047	-1
307.2	-0.707922	9.04057	-1
307.3	-0.706713	9.03168	-1
307.4	-0.704736	9.0382	-1
307.5	-0.704575	9.0376	-1
307.6	-0.715648	9.01669	-1
307.7	-0.706091	9.0347	-1
307.8	-0.718396	9.04396	-1
307.9	-0.70586	9.06029	-1
308	-0.708979	9.04781	-1
308.1	-0.71176	9.03467	-1
308.2	-0.728227	9.01057	-1
308.3	-0.713037	9.03926	-1
308.4	-0.703422	9.0316	-1
308.5	-0.702497	9.0232	-1
308.6	-0.724015	8.99251	-1
308.7	-0.716102	8.99399	-1
308.8	-0.70156	9.04134	-1
308.9	-0.668679	9.12168	-1
309	-0.561211	9.43632	-1
309.1	-0.453874	9.52132	-1
309.2	-0.230192	9.75415	-1
309.3	-0.199921	9.76604	-1
309.4	-0.35396	9.66609	-1
309.5	-0.511358	9.45598	-1
309.6	-0.670337	9.29423	-1
309.7	-0.7653	9.07804	-1
309.8	-0.863699	8.91089	-1
309.9	-0.865379	8.90357	-1
310	-0.722583	8.98293	-1
310.1	-0.738746	8.9824	-1
310.2	-0.768477	9.03167	-1
310.3	-0.804592	9.04381	-1
310.4	-0.824689	9.06293	-1
310.5	-0.842133	9.05843	-1
310.6	-0.837292	9.09115	-1
310.7	-0.866942	9.04934	-1
310.8	-0.864275	9.07757	-1
310.9	-0.852059	9.09974	-1
311	-0.855042	9.04716	-1
311.1	-0.854698	9.06192	-1
311.2	-0.83346	9.10341	-1
311.3	-0.853633	9.04169	-1
311.4	-0.821029	9.09996	-1
311.5	-0.830478	9.0818	-1
311.6	-0.829048	9.06227	-1
311.7	-0.824433	9.03419	-1
311.8	-0.78719	9.10225	-1
311.9	-0.789886	9.00312	-1
312	-0.802333	8.96191	-1
312.1	-0.781321	8.98147	-1
312.2	-0.7271	9.07974	-1
312.3	-0.764903	9.04104	-1
312.4	-0.751543	9.07886	-1
312.5	-0.740434	9.11457	-1
312.6	-0.745482	9.06861	-1
312.7	-0.709323	9.08348	-1
312.8	-0.647232	9.09663	-1
312.9	-0.424306	9.11728	-1
313	-0.298594	9.05511	-1
313.1	-0.248049	9.07018	-1
313.2	-0.0283265	9.04473	-1
313.3	0.263267	9.16748	-1
313.4	0.400809	9.1463	-1
313.5	0.58068	9.10499	-1
313.6	0.596941	9.15543	-1
313.7	0.667523	9.38912	-1
313.8	0.76987	9.50053	-1
313.9	0.880819	9.79663	-1
314	0.863433	9.94411	-1
314.1	0.896	9.91357	-1
314.2	0.865008	9.90746	-1
314.3	0.82173	9.96941	-1
314.4	0.832188	9.97133	-1
314.5	0.836913	9.95319	-1
314.6	0.976623	9.81705	-1
314.7	0.969432	9.85917	-1
314.8	0.920661	9.92314	-1
314.9	0.91811	9.92615	-1
315	1.04146	9.62599	-1
315.1	1.34533	9.34198	-1
315.2	1.42222	9.27282	-1
315.3	1.45934	9.05821	-1
315.4	1.50134	9.0346	-1
315.5	1.40832	9.05227	-1
315.6	1.39418	9.08292	-1
315.7	1.3737	9.08148	-1
315.8	1.04316	9.10867	-1
315.9	0.698625	9.29022	-1
316	0.359409	9.52504	-1
316.1	0.309825	9.53313	-1
316.2	0.259734	9.58131	-1
316.3	0.246373	9.64249	-1
316.4	0.255578	9.64383	-1
316.5	0.24403	9.64474	-1
316.6	0.248091	9.63093	-1
316.7	0.245462	9.64215	-1
316.8	0.236522	9.63352	-1
316.9	0.232779	9.61979	-1
317	0.233959	9.63936	-1
317.1	0.23911	9.65566	-1
317.2	0.226267	9.60998	-1
317.3	0.221501	9.562	-1
317.4	0.240125	9.60204	-1
317.5	0.240125	9.60204	-1
317.6	0.250933	9.84238	-1
317.7	0.451539	10.2972	-1
317.8	0.456472	10.3431	-1
317.9	0.434002	10.3536	-1
318	0.394067	10.3533	-1
318.1	0.44947	10.5521	-1
318.2	0.466013	10.8139	-1
318.3	0.524902	11.0747	-1
318.4	0.367455	11.4643	-1
318.5	0.390521	11.5211	-1
318.6	0.330961	11.4329	-1
318.7	0.189825	11.5075	-1
318.8	0.010838	11.3952	-1
318.9	-0.246632	11.3211	-1
319	-0.441184	11.3418	-1
319.1	-0.321958	11.4326	-1
319.2	-0.189788	11.6028	-1
319.3	-0.144452	11.687	-1
319.4	-0.00135135	11.7789	-1
319.5	0.0763636	11.8637	-1
319.6	0.0290181	11.7667	-1
319.7	0.00668464	11.1358	-1
319.8	0.261954	11.1899	-1
319.9	0.487223	11.3707	-1
320	0.614586	11.6578	-1
320.1	0.451252	11.4926	-1
320.2	0.24807	11.0313	-1
320.3	-0.165049	10.4606	-1
320.4	-0.238303	10.5658	-1
320.5	-0.194809	10.8238	-1
320.6	0.0327147	11.0156	-1
320.7	0.268399	11.2402	-1
320.8	0.430328	11.2048	-1
320.9	0.533305	11.2142	-1
321	0.578753	11.3673	-1
321.1	0.594185	11.4344	-1
321.2	0.581447	11.4256	-1
321.3	0.70097	11.7947	-1
321.4	0.710822	12.117	-1
321.5	0.623044	12.5108	-1
321.6	0.617092	12.6589	-1
321.7	0.525914	12.8597	-1
321.8	0.368072	13.0143	-1
321.9	-0.273418	13.3008	-1
322	-0.409353	13.3924	-1
322.1	-0.325547	13.4467	-1
322.2	-0.0924008	13.4733	-1
322.3	0.1005	13.3953	-1
322.4	0.134515	13.3977	-1
322.5	0.130891	13.4616	-1
322.6	0.206048	13.5132	-1
322.7	0.151983	13.4933	-1
322.8	0.204125	13.5179	-1
322.9	0.202265	13.4829	-1
323	0.146722	13.4573	-1
323.1	0.16585	13.4648	-1
323.2	0.218848	13.447	-1
323.3	0.0809646	12.4398	-1
323.4	-0.126202	11.6921	-1
323.5	0.181572	10.2585	-1
323.6	0.250727	9.90275	-1
323.7	0.206149	9.77462	-1
323.8	0.205538	9.90411	-1
323.9	0.224252	9.89803	-1
324	0.208968	9.92913	-1
324.1	0.202701	9.9197	-1
324.2	0.221165	9.91685	-1
324.3	0.168738	9.8702	-1
324.4	0.125237	9.90544	-1
324.5	0.127612	9.9145	-1
324.6	0.110997	9.92298	-1
324.7	0.0803285	9.87697	-1
324.8	0.0216905	9.8193	-1
324.9	-0.246351	9.48596	-1
325	-0.462229	9.36968	-1
325.1	-0.659648	9.27021	-1
325.2	-0.635967	9.1995	-1
325.3	-0.652935	9.1928	-1
325.4	-0.665646	9.22528	-1
325.5	-0.649392	9.29264	-1
325.6	-0.679229	9.2666	-1
325.7	-0.691281	9.22074	-1
325.8	-0.66483	9.32973	-1
325.9	-0.665847	9.36671	-1
326	-0.762246	9.25587	-1
326.1	-1.08891	8.85909	-1
326.2	-1.35712	8.63545	-1
326.3	-1.94966	8.10179	-1
326.4	-2.1865	7.85426	-1
326.5	-2.6812	7.27451	-1
326.6	-2.7796	7.0957	-1
326.7	-2.49663	7.26616	-1
326.8	-2.42821	7.32741	-1
326.9	-2.16342	7.46325	-1
327	-2.04321	7.57262	-1
327.1	-2.10363	7.54261	-1
327.2	-2.10028	7.52712	-1
327.3	-2.0879	7.52049	-1
327.4	-2.14377	7.50588	-1
327.5	-2.0856	7.52237	-1
327.6	-2.09677	7.53614	-1
327.7	-2.14906	7.48763	-1
327.8	-2.22348	7.50136	-1
327.9	-2.29309	7.45306	-1
328	-2.37397	7.44624	-1
328.1	-2.52455	7.37753	-1
328.2	-2.47639	7.4005	-1
328.3	-2.47262	7.45305	-1
328.4	-2.48276	7.44941	-1
328.5	-2.49161	7.44065	-1
328.6	-2.46535	7.48432	-1
328.7	-2.41712	7.47908	-1
328.8	-2.37445	7.50114	-1
328.9	-2.53014	7.39457	-1
329	-2.79162	7.38713	-1
329.1	-2.77119	7.36831	-1
329.2	-2.52242	7.48349	-1
329.3	-2.00983	7.64312	-1
329.4	-1.75908	7.61279	-1
329.5	-1.47669	7.75542	-1
329.6	-1.55158	7.68572	-1
329.7	-1.66971	7.64043	-1
329.8	-1.63276	7.78355	-1
329.9	-1.65494	7.73524	-1
330	-1.66405	7.75032	-1
330.1	-1.68532	7.74969	-1
330.2	-1.74086	7.65387	-1
330.3	-1.66648	7.75246	-1
330.4	-1.33177	8.14107	-1
330.5	-1.13085	8.3766	-1
330.6	-0.738786	8.63603	-1
330.7	-0.229925	8.65885	-1
330.8	-0.104533	8.52939	-1
330.9	0.19951	8.44374	-1
331	0.285893	8.4868	-1
331.1	0.446865	8.31572	-1
331.2	0.413117	8.36217	-1
331.3	0.391409	8.36426	-1
331.4	0.424017	8.51103	-1
331.5	0.692752	8.31816	-1
331.6	0.840612	8.22731	-1
331.7	0.897196	7.933	-1
331.8	0.965362	7.59295	-1
331.9	1.07525	7.35856	-1
332	1.34983	6.85991	-1
332.1	1.54442	6.43144	-1
332.2	1.57322	6.31628	-1
332.3	1.56688	6.24778	-1
332.4	1.57702	6.28503	-1
332.5	1.48664	6.29436	-1
332.6	1.38998	6.22121	-1
332.7	0.963832	6.04588	-1
332.8	0.781942	5.91893	-1
332.9	0.724225	5.3709	-1
333	0.916029	4.41603	0
333.1	1.05549	4.15279	0
333.2	1.07738	3.68126	0
333.3	0.911659	2.27598	0
333.4	0.699613	1.26288	0
333.5	0.567726	-0.631904	0
333.6	0.471097	-2.12098	0
333.7	0.408169	-5.92372	-1
333.8	0.346813	-7.72042	-1
333.9	0.0422637	-11.3722	-1
334	-0.172783	-13.1245	-1
334.1	-0.44772	-15.1513	-1
334.2	-0.15571	-19.1656	-1
334.3	-0.398871	-23.7205	-1
334.4	-0.739476	-27.1074	-1
334.5	 	 	-1
334.6	 	 	-1
334.7	 	 	-1
334.8	 	 	-1
334.9	 	 	-1
335	 	 	-1
335.1	 	 	-1
335.2	 	 	-1
335.3	 	 	-1
335.4	 	 	-1
335.5	 	 	-1
335.6	 	 	-1
335.7	 	 	-1
335.8	 	 	-1
335.9	 	 	-1
336	 	 	-1
336.1	 	 	-1
336.2	 	 	-1
336.3	 	 	-1
336.4	 	 	-1
336.5	 	 	-1
336.6	 	 	-1
336.7	 	 	-1
336.8	 	 	-1
336.9	 	 	-1
337	 	 	-1
337.1	 	 	-1
337.2	 	 	-1
337.3	 	 	-1
337.4	 	 	-1
337.5	 	 	-1
337.6	 	 	-1
337.7	 	 	-1
337.8	 	 	-1
337.9	 	 	-1
338	 	 	-1
338.1	 	 	-1
338.2	 	 	-1
338.3	 	 	-1
338.4	 	 	-1
338.5	 	 	-1
338.6	 	 	-1
338.7	 	 	-1
338.8	 	 	-1
338.9	 	 	-1
339	 	 	-1
339.1	 	 	-1
339.2	 	 	-1
339.3	 	 	-1
339.4	 	 	-1
339.5	 	 	-1
339.6	 	 	-1
339.7	 	 	-1
339.8	 	 	-1
339.9	 	 	-1
340	 	 	-1
340.1	 	 	-1
340.2	 	 	-1
340.3	 	 	-1
340.4	 	 	-1
340.5	 	 	-1
340.6	 	 	-1
340.7	 	 	-1
340.8	 	 	-1
340.9	 	 	-1
341	 	 	-1
341.1	 	 	-1
341.2	 	 	-1
341.3	 	 	-1
341.4	 	 	-1
341.5	 	 	-1
341.6	 	 	-1
341.7	 	 	-1
341.8	 	 	-1
341.9	 	 	-1
342	 	 	-1
342.1	 	 	-1
342.2	 	 	-1
342.3	 	 	-1
342.4	 	 	-1
342.5	 	 	-1
342.6	 	 	-1
342.7	 	 	-1
342.8	 	 	-1
342.9	 	 	-1
343	 	 	-1
343.1	 	 	-1
343.2	 	 	-1
343.3	 	 	-1
343.4	 	 	-1
343.5	-1.37384	-27.0196	-1
343.6	-1.51036	-25.9578	-1
343.7	-1.52024	-25.2539	-1
343.8	-0.826649	-22.7265	-1
343.9	-0.785331	-20.5251	-1
344	-0.702191	-18.3191	-1
344.1	-1.27079	-14.9922	-1
344.2	-1.47197	-13.8346	-1
344.3	-1.20511	-13.4265	-1
344.4	-1.11505	-13.3446	-1
344.5	-1.15115	-13.3133	-1
344.6	-1.17787	-13.2143	-1
344.7	-1.17733	-13.1715	-1
344.8	-1.18849	-13.1477	-1
344.9	-1.18794	-13.1462	-1
345	-1.16027	-13.0384	-1
345.1	-1.15738	-13.0136	-1
345.2	-1.17436	-13.0731	-1
345.3	-1.17169	-13.0491	-1
345.4	-1.15151	-13.0744	-1
345.5	-1.04449	-13.2941	-1
345.6	-0.940143	-13.4761	-1
345.7	-0.721576	-13.7185	-1
345.8	-0.620382	-13.6372	-1
345.9	-0.514164	-13.4748	-1
346	-0.47804	-13.4445	-1
346.1	-0.354209	-13.2356	-1
346.2	-0.34814	-13.1502	-1
346.3	-0.437327	-13.1476	-1
346.4	-0.497209	-13.1865	-1
346.5	-0.48313	-13.1243	-1
346.6	-0.488335	-13.0654	-1
346.7	-0.49284	-13.0805	-1
346.8	-0.480969	-13.0907	-1
346.9	-0.553802	-13.144	-1
347	-0.756406	-13.349	-1
347.1	-0.994522	-13.2339	-1
347.2	-1.1524	-13.114	-1
347.3	-1.08999	-13.7998	-1
347.4	-0.979068	-14.0303	-1
347.5	-0.735442	-14.7844	-1
347.6	-0.698244	-14.7415	-1
347.7	-0.655069	-14.5328	-1
347.8	-0.710565	-14.4647	-1
347.9	-0.778376	-14.1481	-1
348	-0.829726	-13.9761	-1
348.1	-0.916185	-13.646	-1
348.2	-1.15006	-13.1054	-1
348.3	-1.2263	-12.9247	-1
348.4	-1.25305	-12.6365	-1
348.5	-1.19096	-12.6744	-1
348.6	-1.19552	-12.662	-1
348.7	-0.93466	-13.6725	-1
348.8	-0.850306	-14.9109	-1
348.9	-0.973236	-15.8767	-1
349	-0.496038	-16.2993	-1
349.1	-0.434371	-16.2729	-1
349.2	-0.377233	-16.364	-1
349.3	-0.356063	-16.1247	-1
349.4	-0.466235	-15.6563	-1
349.5	-0.537267	-15.1285	-1
349.6	-0.466256	-15.0277	-1
349.7	0.198947	-17.0255	-1
349.8	0.443505	-17.1798	-1
349.9	0.678517	-16.9215	-1
350	0.748133	-16.7106	-1
350.1	0.770529	-16.7421	-1
350.2	0.540541	-17.4335	-1
350.3	0.817659	-18.0819	-1
350.4	-0.0768666	-20.1214	-1
350.5	-0.542153	-22.5345	-1
350.6	-1.00306	-24.0126	-1
350.7	-1.47453	-24.9649	-1
350.8	-1.81131	-27.5012	-1
350.9	 	 	-1
351	 	 	-1
351.1	 	 	-1
351.2	 	 	-1
351.3	 	 	-1
351.4	 	 	-1
351.5	 	 	-1
351.6	 	 	-1
351.7	 	 	-1
351.8	 	 	-1
351.9	 	 	-1
352	 	 	-1
352.1	 	 	-1
352.2	 	 	-1
352.3	 	 	-1
352.4	 	 	-1
352.5	 	 	-1
352.6	 	 	-1
352.7	 	 	-1
352.8	 	 	-1
352.9	 	 	-1
353	 	 	-1
353.1	 	 	-1
353.2	 	 	-1
353.3	 	 	-1
353.4	 	 	-1
353.5	 	 	-1
353.6	 	 	-1
353.7	 	 	-1
353.8	 	 	-1
353.9	 	 	-1
354	 	 	-1
354.1	 	 	-1
354.2	 	 	-1
354.3	 	 	-1
354.4	 	 	-1
354.5	 	 	-1
354.6	 	 	-1
354.7	 	 	-1
354.8	 	 	-1
354.9	 	 	-1
355	 	 	-1
355.1	 	 	-1
355.2	 	 	-1
355.3	 	 	-1
355.4	 	 	-1
355.5	 	 	-1
355.6	 	 	-1
355.7	 	 	-1
355.8	 	 	-1
355.9	 	 	-1
356	 	 	-1
356.1	 	 	-1
356.2	 	 	-1
356.3	 	 	-1
356.4	 	 	-1
356.5	 	 	-1
356.6	 	 	-1
356.7	 	 	-1
356.8	 	 	-1
356.9	 	 	-1
357	 	 	-1
357.1	-0.321519	-26.2237	-1
357.2	0.24645	-25.4288	-1
357.3	0.193967	-24.4218	-1
357.4	-0.11468	-24.2925	-1
357.5	-0.249409	-24.0921	-1
357.6	-0.0664348	-24.1894	-1
357.7	0.235855	-23.9128	-1
357.8	0.201183	-23.9149	-1
357.9	0.165662	-23.9101	-1
358	0.211746	-23.9512	-1
358.1	0.195657	-23.9421	-1
358.2	0.179203	-23.885	-1
358.3	0.188312	-23.8847	-1
358.4	0.175639	-23.8439	-1
358.5	0.191917	-23.8509	-1
358.6	0.213102	-23.7622	-1
358.7	0.257512	-23.7599	-1
358.8	0.255429	-23.7614	-1
358.9	0.259742	-23.7476	-1
359	0.220831	-23.7986	-1
359.1	0.235849	-23.8062	-1
359.2	0.241793	-23.7738	-1
359.3	0.231787	-23.7826	-1
359.4	0.119239	-24.1609	-1
359.5	-0.223919	-25.0676	-1
359.6	-0.257623	-25.1191	-1
359.7	-0.350225	-25.271	-1
359.8	-0.404545	-25.3671	-1
359.9	-0.43537	-25.3399	-1
