Index	RecordTime	VideoTime	MI
0	0	137.7	9.80607
1	0.1	137.8	7.98624
2	0.2	137.9	8.77347
3	0.3	138	7.3461
4	0.4	138.1	7.80293
5	0.5	138.2	8.94733
6	0.6	138.3	11.9402
7	0.7	138.4	9.7949
8	0.8	138.5	10.4676
9	0.9	138.6	13.053
10	1	138.7	13.9159
11	1.1	138.8	10.3398
12	1.2	138.9	12.6288
13	1.3	139	10.736
14	1.4	139.1	11.821
15	1.5	139.2	8.79203
16	1.6	139.3	11.9895
17	1.7	139.4	9.58991
18	1.8	139.5	9.57633
19	1.9	139.6	12.03
20	2	139.7	11.8357
21	2.1	139.8	9.53532
22	2.2	139.9	9.235
23	2.3	140	10.8641
24	2.4	140.1	9.39898
25	2.5	140.2	12.9056
26	2.6	140.3	10.8603
27	2.7	140.4	11.8548
28	2.8	140.5	11.81
29	2.9	140.6	10.9608
30	3	140.7	10.6618
31	3.1	140.8	9.56182
32	3.2	140.9	12.0135
33	3.3	141	9.53929
34	3.4	141.1	8.00943
35	3.5	141.2	12.4168
36	3.6	141.3	12.2056
37	3.7	141.4	7.86831
38	3.8	141.5	11.5205
39	3.9	141.6	8.78066
40	4	141.7	8.86197
41	4.1	141.8	6.88731
42	4.2	141.9	8.55583
43	4.3	142	7.38426
44	4.4	142.1	8.11054
45	4.5	142.2	7.66708
46	4.6	142.3	9.02512
47	4.7	142.4	6.72042
48	4.8	142.5	8.1493
49	4.9	142.6	7.08953
50	5	142.7	9.02558
51	5.1	142.8	7.66742
52	5.2	142.9	9.37692
53	5.3	143	7.76786
54	5.4	143.1	8.7918
55	5.5	143.2	8.23736
56	5.6	143.3	9.73486
57	5.7	143.4	7.53433
58	5.8	143.5	9.00913
59	5.9	143.6	8.47918
60	6	143.7	9.78266
61	6.1	143.8	7.06611
62	6.2	143.9	8.83005
63	6.3	144	8.32188
64	6.4	144.1	10.3791
65	6.5	144.2	7.59187
66	6.6	144.3	8.30573
67	6.7	144.4	7.8154
68	6.8	144.5	9.09557
69	6.9	144.6	7.72764
70	7	144.7	9.77285
71	7.1	144.8	6.22036
72	7.2	144.9	8.01722
73	7.3	145	6.32147
74	7.4	145.1	8.12314
75	7.5	145.2	6.62451
76	7.6	145.3	7.92927
77	7.7	145.4	6.0788
78	7.8	145.5	8.09865
79	7.9	145.6	7.8758
80	8	145.7	8.4729
81	8.1	145.8	6.84012
82	8.2	145.9	7.53936
83	8.3	146	6.39834
84	8.4	146.1	7.33104
85	8.5	146.2	6.80987
86	8.6	146.3	8.35547
87	8.7	146.4	6.26273
88	8.8	146.5	7.50811
89	8.9	146.6	7.10982
90	9	146.7	8.2426
91	9.1	146.8	7.86819
92	9.2	146.9	8.91074
93	9.3	147	7.12897
94	9.4	147.1	8.60258
95	9.5	147.2	6.76136
96	9.6	147.3	9.85077
97	9.7	147.4	8.37939
98	9.8	147.5	9.93029
99	9.9	147.6	6.73687
100	10	147.7	10.6549
101	10.1	147.8	7.50539
102	10.2	147.9	7.9904
103	10.3	148	7.35497
104	10.4	148.1	7.68579
105	10.5	148.2	6.73929
106	10.6	148.3	8.3472
107	10.7	148.4	7.41016
108	10.8	148.5	8.87218
109	10.9	148.6	6.76323
110	11	148.7	8.88076
111	11.1	148.8	7.723
112	11.2	148.9	8.38625
113	11.3	149	7.09468
114	11.4	149.1	8.03574
115	11.5	149.2	6.56573
116	11.6	149.3	8.32014
117	11.7	149.4	6.30976
118	11.8	149.5	9.01047
119	11.9	149.6	8.2138
120	12	149.7	7.8641
121	12.1	149.8	5.79474
122	12.2	149.9	8.97815
123	12.3	150	7.99701
124	12.4	150.1	7.68254
125	12.5	150.2	7.44752
126	12.6	150.3	7.85572
127	12.7	150.4	8.43428
128	12.8	150.5	6.81584
129	12.9	150.6	7.98125
130	13	150.7	6.94435
131	13.1	150.8	7.30294
132	13.2	150.9	7.4839
133	13.3	151	8.48035
134	13.4	151.1	7.20907
135	13.5	151.2	7.23965
136	13.6	151.3	7.82661
137	13.7	151.4	9.13473
138	13.8	151.5	7.31068
139	13.9	151.6	8.43494
140	14	151.7	7.25962
141	14.1	151.8	8.21692
142	14.2	151.9	9.69462
143	14.3	152	8.93798
144	14.4	152.1	7.44312
145	14.5	152.2	7.40641
146	14.6	152.3	9.85627
147	14.7	152.4	8.53392
148	14.8	152.5	6.74028
149	14.9	152.6	9.16751
150	15	152.7	7.10674
151	15.1	152.8	8.12968
152	15.2	152.9	7.2729
153	15.3	153	9.53479
154	15.4	153.1	6.48871
155	15.5	153.2	8.07886
156	15.6	153.3	6.54286
157	15.7	153.4	8.43065
158	15.8	153.5	6.51255
159	15.9	153.6	6.92264
160	16	153.7	7.73247
161	16.1	153.8	7.84024
162	16.2	153.9	6.41777
163	16.3	154	7.39088
164	16.4	154.1	6.22962
165	16.5	154.2	7.2181
166	16.6	154.3	6.13477
167	16.7	154.4	8.05937
168	16.8	154.5	5.47955
169	16.9	154.6	6.33529
170	17	154.7	5.24275
171	17.1	154.8	5.35905
172	17.2	154.9	6.49171
173	17.3	155	6.30055
174	17.4	155.1	5.92615
175	17.5	155.2	7.69693
176	17.6	155.3	4.92059
177	17.7	155.4	6.02609
178	17.8	155.5	5.78313
179	17.9	155.6	5.412
180	18	155.7	6.19284
181	18.1	155.8	6.52635
182	18.2	155.9	5.52396
183	18.3	156	7.92554
184	18.4	156.1	5.9226
185	18.5	156.2	8.52205
186	18.6	156.3	6.53187
187	18.7	156.4	8.18626
188	18.8	156.5	6.74782
189	18.9	156.6	7.50227
190	19	156.7	10.7291
191	19.1	156.8	7.49693
192	19.2	156.9	10.0647
193	19.3	157	10.0502
194	19.4	157.1	7.47801
195	19.5	157.2	9.42624
196	19.6	157.3	7.6974
197	19.7	157.4	8.37935
198	19.8	157.5	9.75759
199	19.9	157.6	6.66578
200	20	157.7	8.65008
201	20.1	157.8	9.25776
202	20.2	157.9	6.29476
203	20.3	158	8.1094
204	20.4	158.1	6.48758
205	20.5	158.2	6.985
206	20.6	158.3	5.9743
207	20.7	158.4	6.99647
208	20.8	158.5	6.10514
209	20.9	158.6	7.99708
210	21	158.7	6.78099
211	21.1	158.8	7.35537
212	21.2	158.9	5.93233
213	21.3	159	7.33259
214	21.4	159.1	5.96971
215	21.5	159.2	6.38289
216	21.6	159.3	5.36551
217	21.7	159.4	6.51272
218	21.8	159.5	5.20161
219	21.9	159.6	7.63682
220	22	159.7	5.98238
221	22.1	159.8	7.78514
222	22.2	159.9	6.21506
223	22.3	160	7.78865
224	22.4	160.1	6.17974
225	22.5	160.2	8.70301
226	22.6	160.3	6.46112
227	22.7	160.4	6.00324
228	22.8	160.5	8.31796
229	22.9	160.6	7.79286
230	23	160.7	6.56528
231	23.1	160.8	9.90286
232	23.2	160.9	6.70366
233	23.3	161	7.01431
234	23.4	161.1	8.76846
235	23.5	161.2	9.47616
236	23.6	161.3	7.44364
237	23.7	161.4	8.38771
238	23.8	161.5	6.90098
239	23.9	161.6	8.10861
240	24	161.7	7.80926
241	24.1	161.8	9.84013
242	24.2	161.9	6.84901
243	24.3	162	7.73571
244	24.4	162.1	6.73095
245	24.5	162.2	7.71207
246	24.6	162.3	6.5879
247	24.7	162.4	7.97728
248	24.8	162.5	6.97633
249	24.9	162.6	8.86201
250	25	162.7	7.7584
251	25.1	162.8	9.7251
252	25.2	162.9	8.1096
253	25.3	163	8.86053
254	25.4	163.1	7.03326
255	25.5	163.2	8.36234
256	25.6	163.3	7.44871
257	25.7	163.4	7.52411
258	25.8	163.5	8.19721
259	25.9	163.6	8.40092
260	26	163.7	6.76334
261	26.1	163.8	8.67853
262	26.2	163.9	7.92028
263	26.3	164	8.84886
264	26.4	164.1	7.19998
265	26.5	164.2	7.92433
266	26.6	164.3	7.51815
267	26.7	164.4	7.36934
268	26.8	164.5	8.60988
269	26.9	164.6	8.77359
270	27	164.7	6.7601
271	27.1	164.8	7.97097
272	27.2	164.9	6.43444
273	27.3	165	8.17045
274	27.4	165.1	6.71671
275	27.5	165.2	7.44852
276	27.6	165.3	6.95843
277	27.7	165.4	9.30678
278	27.8	165.5	8.20069
279	27.9	165.6	9.00333
280	28	165.7	7.42431
281	28.1	165.8	10.084
282	28.2	165.9	8.94908
283	28.3	166	9.05953
284	28.4	166.1	7.05322
285	28.5	166.2	9.66902
286	28.6	166.3	7.79505
287	28.7	166.4	9.20872
288	28.8	166.5	6.92997
289	28.9	166.6	9.49962
290	29	166.7	6.95432
291	29.1	166.8	9.36944
292	29.2	166.9	6.86043
293	29.3	167	6.96809
294	29.4	167.1	7.29154
295	29.5	167.2	7.73688
296	29.6	167.3	5.62257
297	29.7	167.4	6.56277
298	29.8	167.5	8.3228
299	29.9	167.6	7.53614
300	30	167.7	6.07311
301	30.1	167.8	6.42198
302	30.2	167.9	7.21939
303	30.3	168	5.99058
304	30.4	168.1	6.52576
305	30.5	168.2	5.89255
306	30.6	168.3	4.9225
307	30.7	168.4	5.91247
308	30.8	168.5	5.29278
309	30.9	168.6	6.17379
310	31	168.7	5.48363
311	31.1	168.8	6.08317
312	31.2	168.9	4.66473
313	31.3	169	4.46542
314	31.4	169.1	5.65513
315	31.5	169.2	4.64177
316	31.6	169.3	5.37219
317	31.7	169.4	5.43655
318	31.8	169.5	4.12975
319	31.9	169.6	5.2423
320	32	169.7	4.10616
321	32.1	169.8	5.09637
322	32.2	169.9	4.41841
323	32.3	170	5.82312
324	32.4	170.1	4.92361
325	32.5	170.2	4.92384
326	32.6	170.3	6.04329
327	32.7	170.4	5.09993
328	32.8	170.5	6.31387
329	32.9	170.6	7.03023
330	33	170.7	5.3981
331	33.1	170.8	6.35483
332	33.2	170.9	4.57767
333	33.3	171	5.38308
334	33.4	171.1	5.14005
335	33.5	171.2	7.21282
336	33.6	171.3	5.76965
337	33.7	171.4	5.85996
338	33.8	171.5	6.81402
339	33.9	171.6	6.12453
340	34	171.7	7.94204
341	34.1	171.8	8.3442
342	34.2	171.9	6.09005
343	34.3	172	8.12113
344	34.4	172.1	6.63423
345	34.5	172.2	7.58365
346	34.6	172.3	6.06367
347	34.7	172.4	5.98
348	34.8	172.5	7.10925
349	34.9	172.6	6.93044
350	35	172.7	7.61996
351	35.1	172.8	8.03502
352	35.2	172.9	5.06105
353	35.3	173	6.88716
354	35.4	173.1	6.71032
355	35.5	173.2	8.86862
356	35.6	173.3	5.43851
357	35.7	173.4	7.55818
358	35.8	173.5	5.90173
359	35.9	173.6	6.10051
360	36	173.7	6.51752
361	36.1	173.8	5.11837
362	36.2	173.9	6.08507
363	36.3	174	5.93031
364	36.4	174.1	4.70067
365	36.5	174.2	5.24113
366	36.6	174.3	4.46584
367	36.7	174.4	5.80885
368	36.8	174.5	4.49232
369	36.9	174.6	5.03011
370	37	174.7	4.26151
371	37.1	174.8	4.71323
372	37.2	174.9	5.07545
373	37.3	175	4.6211
374	37.4	175.1	6.40939
375	37.5	175.2	5.77701
376	37.6	175.3	4.30691
377	37.7	175.4	4.26301
378	37.8	175.5	5.22409
379	37.9	175.6	5.73817
380	38	175.7	4.32022
381	38.1	175.8	5.30187
382	38.2	175.9	4.65943
383	38.3	176	5.48862
384	38.4	176.1	4.79308
385	38.5	176.2	5.42297
386	38.6	176.3	4.43081
387	38.7	176.4	5.24189
388	38.8	176.5	4.31976
389	38.9	176.6	4.93704
390	39	176.7	4.28855
391	39.1	176.8	5.33552
392	39.2	176.9	4.5543
393	39.3	177	5.23955
394	39.4	177.1	4.55591
395	39.5	177.2	5.67025
396	39.6	177.3	4.16747
397	39.7	177.4	4.7077
398	39.8	177.5	3.98121
399	39.9	177.6	5.59675
400	40	177.7	4.35316
401	40.1	177.8	5.29011
402	40.2	177.9	4.49971
403	40.3	178	6.5121
404	40.4	178.1	4.53028
405	40.5	178.2	6.68615
406	40.6	178.3	4.92182
407	40.7	178.4	6.61382
408	40.8	178.5	4.23576
409	40.9	178.6	6.1544
410	41	178.7	4.57201
411	41.1	178.8	6.63029
412	41.2	178.9	5.25384
413	41.3	179	7.1197
414	41.4	179.1	6.51583
415	41.5	179.2	7.48872
416	41.6	179.3	5.24023
417	41.7	179.4	6.55758
418	41.8	179.5	5.97143
419	41.9	179.6	7.72395
420	42	179.7	5.38804
421	42.1	179.8	7.02545
422	42.2	179.9	6.15105
423	42.3	180	6.53308
424	42.4	180.1	5.55823
425	42.5	180.2	6.41792
426	42.6	180.3	5.68205
427	42.7	180.4	6.25159
428	42.8	180.5	6.10133
429	42.9	180.6	7.77356
430	43	180.7	6.57316
431	43.1	180.8	6.79416
432	43.2	180.9	6.55039
433	43.3	181	6.76185
434	43.4	181.1	6.35761
435	43.5	181.2	7.19234
436	43.6	181.3	6.26881
437	43.7	181.4	6.76977
438	43.8	181.5	5.92395
439	43.9	181.6	7.48073
440	44	181.7	6.74288
441	44.1	181.8	6.80779
442	44.2	181.9	5.77894
443	44.3	182	6.67316
444	44.4	182.1	5.8039
445	44.5	182.2	6.71058
446	44.6	182.3	5.14423
447	44.7	182.4	5.9323
448	44.8	182.5	5.25926
449	44.9	182.6	6.75558
450	45	182.7	5.93269
451	45.1	182.8	8.04585
452	45.2	182.9	6.74709
453	45.3	183	7.93127
454	45.4	183.1	5.76371
455	45.5	183.2	8.25198
456	45.6	183.3	5.81772
457	45.7	183.4	6.19083
458	45.8	183.5	7.22553
459	45.9	183.6	6.8703
460	46	183.7	8.00802
461	46.1	183.8	6.96408
462	46.2	183.9	8.57601
463	46.3	184	8.15393
464	46.4	184.1	10.5133
465	46.5	184.2	9.05908
466	46.6	184.3	7.39336
467	46.7	184.4	8.19668
468	46.8	184.5	7.89966
469	46.9	184.6	6.43994
470	47	184.7	6.86753
471	47.1	184.8	8.51193
472	47.2	184.9	8.85867
473	47.3	185	6.73104
474	47.4	185.1	6.81881
475	47.5	185.2	7.0142
476	47.6	185.3	8.73651
477	47.7	185.4	7.58358
478	47.8	185.5	9.27013
479	47.9	185.6	7.86068
480	48	185.7	7.47099
481	48.1	185.8	8.03364
482	48.2	185.9	8.13715
483	48.3	186	8.9572
484	48.4	186.1	10.3315
485	48.5	186.2	8.47556
486	48.6	186.3	8.22665
487	48.7	186.4	8.26734
488	48.8	186.5	8.35691
489	48.9	186.6	7.31937
490	49	186.7	6.26449
491	49.1	186.8	9.00463
492	49.2	186.9	8.7952
493	49.3	187	6.57042
494	49.4	187.1	7.56623
495	49.5	187.2	7.23746
496	49.6	187.3	6.76308
497	49.7	187.4	7.79787
498	49.8	187.5	7.82669
499	49.9	187.6	6.55465
500	50	187.7	6.56797
501	50.1	187.8	7.56087
502	50.2	187.9	7.14083
503	50.3	188	6.76227
504	50.4	188.1	7.66604
505	50.5	188.2	5.87909
506	50.6	188.3	8.56834
507	50.7	188.4	7.28847
508	50.8	188.5	8.7957
509	50.9	188.6	6.3828
510	51	188.7	7.35996
511	51.1	188.8	7.61804
512	51.2	188.9	8.1869
513	51.3	189	6.75362
514	51.4	189.1	9.03707
515	51.5	189.2	8.04876
516	51.6	189.3	8.04192
517	51.7	189.4	8.21713
518	51.8	189.5	8.65871
519	51.9	189.6	7.2206
520	52	189.7	7.27603
521	52.1	189.8	5.94771
522	52.2	189.9	6.17196
523	52.3	190	7.91091
524	52.4	190.1	8.08025
525	52.5	190.2	7.3717
526	52.6	190.3	7.52571
527	52.7	190.4	5.76103
528	52.8	190.5	5.83404
529	52.9	190.6	7.37062
530	53	190.7	8.16391
531	53.1	190.8	7.68295
532	53.2	190.9	7.01648
533	53.3	191	6.77453
534	53.4	191.1	7.06537
535	53.5	191.2	6.73695
536	53.6	191.3	7.91461
537	53.7	191.4	6.62803
538	53.8	191.5	6.34302
539	53.9	191.6	8.21491
540	54	191.7	8.17964
541	54.1	191.8	9.56161
542	54.2	191.9	8.39561
543	54.3	192	7.65199
544	54.4	192.1	9.99729
545	54.5	192.2	8.8816
546	54.6	192.3	11.7219
547	54.7	192.4	7.02352
548	54.8	192.5	10.0269
549	54.9	192.6	9.18887
550	55	192.7	8.85947
551	55.1	192.8	6.78316
552	55.2	192.9	6.4591
553	55.3	193	7.53489
554	55.4	193.1	7.97348
555	55.5	193.2	7.11513
556	55.6	193.3	7.99943
557	55.7	193.4	7.77198
558	55.8	193.5	9.93257
559	55.9	193.6	7.20393
560	56	193.7	9.52859
561	56.1	193.8	7.11326
562	56.2	193.9	8.15733
563	56.3	194	6.89165
564	56.4	194.1	8.50026
565	56.5	194.2	8.02241
566	56.6	194.3	8.43261
567	56.7	194.4	6.81488
568	56.8	194.5	7.59475
569	56.9	194.6	6.38773
570	57	194.7	7.09867
571	57.1	194.8	6.01274
572	57.2	194.9	6.4721
573	57.3	195	5.35767
574	57.4	195.1	6.15784
575	57.5	195.2	5.57235
576	57.6	195.3	5.99734
577	57.7	195.4	5.34687
578	57.8	195.5	6.39449
579	57.9	195.6	5.6473
580	58	195.7	6.53933
581	58.1	195.8	5.6524
582	58.2	195.9	6.67959
583	58.3	196	5.82037
584	58.4	196.1	7.15696
585	58.5	196.2	6.6837
586	58.6	196.3	6.66236
587	58.7	196.4	6.34023
588	58.8	196.5	7.50328
589	58.9	196.6	5.43739
590	59	196.7	7.48276
591	59.1	196.8	6.08564
592	59.2	196.9	6.8676
593	59.3	197	5.31781
594	59.4	197.1	6.32737
595	59.5	197.2	5.47069
596	59.6	197.3	5.06257
597	59.7	197.4	6.3131
598	59.8	197.5	7.06226
599	59.9	197.6	5.99487
600	60	197.7	6.62498
601	60.1	197.8	6.38323
602	60.2	197.9	7.31552
603	60.3	198	6.07288
604	60.4	198.1	7.64637
605	60.5	198.2	6.43764
606	60.6	198.3	6.15504
607	60.7	198.4	5.55241
608	60.8	198.5	6.33843
609	60.9	198.6	5.13288
610	61	198.7	6.11324
611	61.1	198.8	5.87714
612	61.2	198.9	5.35295
613	61.3	199	7.53564
614	61.4	199.1	6.47225
615	61.5	199.2	6.58184
616	61.6	199.3	8.1543
617	61.7	199.4	7.28167
618	61.8	199.5	6.66117
619	61.9	199.6	7.4615
620	62	199.7	7.68183
621	62.1	199.8	6.77227
622	62.2	199.9	7.13397
623	62.3	200	6.91036
624	62.4	200.1	8.43146
625	62.5	200.2	7.19345
626	62.6	200.3	7.45716
627	62.7	200.4	7.71466
628	62.8	200.5	7.03302
629	62.9	200.6	7.66602
630	63	200.7	8.07878
631	63.1	200.8	6.7388
632	63.2	200.9	6.81636
633	63.3	201	5.88311
634	63.4	201.1	7.5919
635	63.5	201.2	6.95953
636	63.6	201.3	6.25928
637	63.7	201.4	7.54668
638	63.8	201.5	6.79813
639	63.9	201.6	8.32551
640	64	201.7	9.60878
641	64.1	201.8	7.33112
642	64.2	201.9	6.63868
643	64.3	202	8.09083
644	64.4	202.1	7.77716
645	64.5	202.2	7.37982
646	64.6	202.3	6.80962
647	64.7	202.4	7.43141
648	64.8	202.5	7.14099
649	64.9	202.6	6.16939
650	65	202.7	6.59416
651	65.1	202.8	6.065
652	65.2	202.9	6.96539
653	65.3	203	6.38327
654	65.4	203.1	6.04355
655	65.5	203.2	7.39796
656	65.6	203.3	8.51453
657	65.7	203.4	6.70163
658	65.8	203.5	7.93704
659	65.9	203.6	7.61581
660	66	203.7	8.58369
661	66.1	203.8	6.56459
662	66.2	203.9	6.8623
663	66.3	204	8.25512
664	66.4	204.1	7.80554
665	66.5	204.2	6.86173
666	66.6	204.3	7.01463
667	66.7	204.4	8.3513
668	66.8	204.5	7.95575
669	66.9	204.6	6.97424
670	67	204.7	8.22456
671	67.1	204.8	6.99132
672	67.2	204.9	6.281
673	67.3	205	6.88585
674	67.4	205.1	5.46034
675	67.5	205.2	6.41544
676	67.6	205.3	4.8896
677	67.7	205.4	5.63874
678	67.8	205.5	6.24817
679	67.9	205.6	5.18459
680	68	205.7	5.48691
681	68.1	205.8	4.34063
682	68.2	205.9	5.20094
683	68.3	206	4.6676
684	68.4	206.1	4.26136
685	68.5	206.2	5.09033
686	68.6	206.3	4.35726
687	68.7	206.4	5.21303
688	68.8	206.5	4.27538
689	68.9	206.6	4.56781
690	69	206.7	4.24058
691	69.1	206.8	4.15456
692	69.2	206.9	4.53288
693	69.3	207	3.86647
694	69.4	207.1	4.70483
695	69.5	207.2	4.23787
696	69.6	207.3	4.27314
697	69.7	207.4	4.94544
698	69.8	207.5	4.34839
699	69.9	207.6	4.89726
700	70	207.7	3.98343
701	70.1	207.8	5.10196
702	70.2	207.9	4.65728
703	70.3	208	5.74259
704	70.4	208.1	6.5067
705	70.5	208.2	5.14136
706	70.6	208.3	5.0398
707	70.7	208.4	6.26524
708	70.8	208.5	6.72738
709	70.9	208.6	5.55046
710	71	208.7	6.78795
711	71.1	208.8	7.74665
712	71.2	208.9	9.12353
713	71.3	209	7.85831
714	71.4	209.1	9.55885
715	71.5	209.2	9.11675
716	71.6	209.3	8.7572
717	71.7	209.4	8.51687
718	71.8	209.5	7.08529
719	71.9	209.6	9.04929
720	72	209.7	9.35273
721	72.1	209.8	7.28549
722	72.2	209.9	9.39024
723	72.3	210	8.33435
724	72.4	210.1	9.97028
725	72.5	210.2	8.27501
726	72.6	210.3	8.72838
727	72.7	210.4	10.7189
728	72.8	210.5	9.5421
729	72.9	210.6	7.43035
730	73	210.7	9.01443
731	73.1	210.8	7.69274
732	73.2	210.9	7.90703
733	73.3	211	6.98024
734	73.4	211.1	8.16176
735	73.5	211.2	6.85411
736	73.6	211.3	6.49218
737	73.7	211.4	7.81042
738	73.8	211.5	7.38115
739	73.9	211.6	6.59426
740	74	211.7	7.74292
741	74.1	211.8	6.14667
742	74.2	211.9	5.95835
743	74.3	212	7.72719
744	74.4	212.1	6.74458
745	74.5	212.2	5.9444
746	74.6	212.3	5.98661
747	74.7	212.4	6.97032
748	74.8	212.5	7.5254
749	74.9	212.6	5.79355
750	75	212.7	6.8437
751	75.1	212.8	6.5983
752	75.2	212.9	7.3982
753	75.3	213	5.94223
754	75.4	213.1	6.20798
755	75.5	213.2	7.12938
756	75.6	213.3	6.20553
757	75.7	213.4	8.78634
758	75.8	213.5	8.86036
759	75.9	213.6	6.58519
760	76	213.7	7.41123
761	76.1	213.8	6.01951
762	76.2	213.9	7.10438
763	76.3	214	5.96012
764	76.4	214.1	6.81795
765	76.5	214.2	5.97973
766	76.6	214.3	8.1376
767	76.7	214.4	6.045
768	76.8	214.5	5.14171
769	76.9	214.6	6.94578
770	77	214.7	5.95974
771	77.1	214.8	5.0198
772	77.2	214.9	6.26516
773	77.3	215	5.18541
774	77.4	215.1	5.09228
775	77.5	215.2	6.63783
776	77.6	215.3	5.79591
777	77.7	215.4	4.37759
778	77.8	215.5	6.35766
779	77.9	215.6	5.91281
780	78	215.7	5.2131
781	78.1	215.8	5.29471
782	78.2	215.9	5.61249
783	78.3	216	4.774
784	78.4	216.1	5.40861
785	78.5	216.2	4.30224
786	78.6	216.3	4.31254
787	78.7	216.4	4.79004
788	78.8	216.5	4.94439
789	78.9	216.6	3.87658
790	79	216.7	3.656
791	79.1	216.8	4.2804
792	79.2	216.9	4.90803
793	79.3	217	5.13571
794	79.4	217.1	3.86892
795	79.5	217.2	5.36348
796	79.6	217.3	4.18649
797	79.7	217.4	4.15206
798	79.8	217.5	4.31694
799	79.9	217.6	5.46462
800	80	217.7	4.81911
801	80.1	217.8	6.29237
802	80.2	217.9	4.58177
803	80.3	218	5.24334
804	80.4	218.1	4.43724
805	80.5	218.2	5.22016
806	80.6	218.3	5.00317
807	80.7	218.4	6.18029
808	80.8	218.5	4.45503
809	80.9	218.6	4.61086
810	81	218.7	5.07316
811	81.1	218.8	5.34045
812	81.2	218.9	4.57768
813	81.3	219	5.13439
814	81.4	219.1	5.38182
815	81.5	219.2	5.52296
816	81.6	219.3	5.29737
817	81.7	219.4	5.87388
818	81.8	219.5	6.34132
819	81.9	219.6	7.0387
820	82	219.7	5.77595
821	82.1	219.8	7.33427
822	82.2	219.9	5.8275
823	82.3	220	6.50849
824	82.4	220.1	7.59556
825	82.5	220.2	8.21401
826	82.6	220.3	7.6071
827	82.7	220.4	6.69506
828	82.8	220.5	8.09016
829	82.9	220.6	7.85145
830	83	220.7	7.4018
831	83.1	220.8	8.56705
832	83.2	220.9	6.53335
833	83.3	221	7.84869
834	83.4	221.1	4.90709
835	83.5	221.2	7.80275
836	83.6	221.3	5.76782
837	83.7	221.4	5.59676
838	83.8	221.5	6.16424
839	83.9	221.6	5.21625
840	84	221.7	6.82057
841	84.1	221.8	6.02976
842	84.2	221.9	4.71945
843	84.3	222	5.44782
844	84.4	222.1	6.15875
845	84.5	222.2	5.10493
846	84.6	222.3	5.9671
847	84.7	222.4	6.7411
848	84.8	222.5	5.0792
849	84.9	222.6	6.22125
850	85	222.7	5.26558
851	85.1	222.8	5.69749
852	85.2	222.9	6.59519
853	85.3	223	6.15739
854	85.4	223.1	7.3016
855	85.5	223.2	7.86019
856	85.6	223.3	6.51316
857	85.7	223.4	7.54953
858	85.8	223.5	5.9488
859	85.9	223.6	7.74046
860	86	223.7	6.03833
861	86.1	223.8	6.79081
862	86.2	223.9	7.51036
863	86.3	224	5.99501
864	86.4	224.1	7.09213
865	86.5	224.2	8.23278
866	86.6	224.3	6.25704
867	86.7	224.4	7.42218
868	86.8	224.5	4.99406
869	86.9	224.6	4.94599
870	87	224.7	6.51707
871	87.1	224.8	6.24033
872	87.2	224.9	5.24729
873	87.3	225	5.20168
874	87.4	225.1	6.29115
875	87.5	225.2	6.53665
876	87.6	225.3	5.19717
877	87.7	225.4	4.8561
878	87.8	225.5	4.83522
879	87.9	225.6	5.88841
880	88	225.7	4.95196
881	88.1	225.8	6.05096
882	88.2	225.9	4.9602
883	88.3	226	4.81697
884	88.4	226.1	5.76455
885	88.5	226.2	5.29383
886	88.6	226.3	4.18634
887	88.7	226.4	4.79879
888	88.8	226.5	5.41285
889	88.9	226.6	5.04045
890	89	226.7	4.87534
891	89.1	226.8	5.42177
892	89.2	226.9	4.50111
893	89.3	227	5.73766
894	89.4	227.1	5.07417
895	89.5	227.2	6.13043
896	89.6	227.3	5.25477
897	89.7	227.4	5.2932
898	89.8	227.5	4.94801
899	89.9	227.6	5.44009
900	90	227.7	5.20246
901	90.1	227.8	6.27546
902	90.2	227.9	4.94455
903	90.3	228	6.45268
904	90.4	228.1	5.17653
905	90.5	228.2	5.96775
906	90.6	228.3	5.41895
907	90.7	228.4	6.60601
908	90.8	228.5	5.59106
909	90.9	228.6	7.1645
910	91	228.7	6.06617
911	91.1	228.8	7.17259
912	91.2	228.9	6.01989
913	91.3	229	7.11109
914	91.4	229.1	6.78433
915	91.5	229.2	7.32802
916	91.6	229.3	6.24737
917	91.7	229.4	7.65602
918	91.8	229.5	6.38253
919	91.9	229.6	8.06645
920	92	229.7	6.50326
921	92.1	229.8	7.43867
922	92.2	229.9	5.81128
923	92.3	230	8.12377
924	92.4	230.1	6.91876
925	92.5	230.2	7.62577
926	92.6	230.3	5.93037
927	92.7	230.4	7.46058
928	92.8	230.5	5.69533
929	92.9	230.6	6.30259
930	93	230.7	5.36009
931	93.1	230.8	7.56647
932	93.2	230.9	5.90306
933	93.3	231	6.60196
934	93.4	231.1	5.71488
935	93.5	231.2	6.72944
936	93.6	231.3	5.07677
937	93.7	231.4	5.61419
938	93.8	231.5	5.34516
939	93.9	231.6	6.34318
940	94	231.7	5.93147
941	94.1	231.8	6.22558
942	94.2	231.9	5.62792
943	94.3	232	6.74754
944	94.4	232.1	5.30736
945	94.5	232.2	6.61561
946	94.6	232.3	5.65881
947	94.7	232.4	6.84218
948	94.8	232.5	5.30664
949	94.9	232.6	6.29916
950	95	232.7	5.82535
951	95.1	232.8	6.36163
952	95.2	232.9	5.26488
953	95.3	233	5.73074
954	95.4	233.1	5.35474
955	95.5	233.2	5.68376
956	95.6	233.3	5.08358
957	95.7	233.4	5.35138
958	95.8	233.5	5.02907
959	95.9	233.6	5.62903
960	96	233.7	4.98046
961	96.1	233.8	5.43765
962	96.2	233.9	5.14445
963	96.3	234	6.32162
964	96.4	234.1	5.56619
965	96.5	234.2	6.12332
966	96.6	234.3	5.9449
967	96.7	234.4	7.69857
968	96.8	234.5	6.41591
969	96.9	234.6	8.11885
970	97	234.7	6.81365
971	97.1	234.8	8.0598
972	97.2	234.9	6.80953
973	97.3	235	8.21183
974	97.4	235.1	5.74094
975	97.5	235.2	7.31294
976	97.6	235.3	5.54459
977	97.7	235.4	6.47828
978	97.8	235.5	4.78058
979	97.9	235.6	5.29697
980	98	235.7	5.70316
981	98.1	235.8	4.30675
982	98.2	235.9	5.53119
983	98.3	236	5.30623
984	98.4	236.1	5.68229
985	98.5	236.2	5.26385
986	98.6	236.3	4.42953
987	98.7	236.4	5.82475
988	98.8	236.5	4.77704
989	98.9	236.6	5.39868
990	99	236.7	4.79625
991	99.1	236.8	5.08367
992	99.2	236.9	5.36267
993	99.3	237	4.74261
994	99.4	237.1	5.77668
995	99.5	237.2	5.20626
996	99.6	237.3	6.25401
997	99.7	237.4	6.83583
998	99.8	237.5	6.61329
999	99.9	237.6	8.249
1000	100	237.7	6.39439
1001	100.1	237.8	7.58564
1002	100.2	237.9	6.15225
1003	100.3	238	6.04341
1004	100.4	238.1	7.1805
1005	100.5	238.2	7.12022
1006	100.6	238.3	5.23499
1007	100.7	238.4	7.02801
1008	100.8	238.5	5.40286
1009	100.9	238.6	6.71822
1010	101	238.7	5.47345
1011	101.1	238.8	6.14622
1012	101.2	238.9	4.96282
1013	101.3	239	6.19706
1014	101.4	239.1	4.4176
1015	101.5	239.2	4.89208
1016	101.6	239.3	5.90379
1017	101.7	239.4	4.39654
1018	101.8	239.5	5.60006
1019	101.9	239.6	5.97396
1020	102	239.7	4.54939
1021	102.1	239.8	5.17008
1022	102.2	239.9	4.34487
1023	102.3	240	5.5068
1024	102.4	240.1	4.69187
1025	102.5	240.2	5.54895
1026	102.6	240.3	4.29093
1027	102.7	240.4	4.61786
1028	102.8	240.5	5.40833
1029	102.9	240.6	4.70934
1030	103	240.7	5.22518
1031	103.1	240.8	6.37999
1032	103.2	240.9	5.59178
1033	103.3	241	6.0779
1034	103.4	241.1	5.27416
1035	103.5	241.2	6.89692
1036	103.6	241.3	5.97994
1037	103.7	241.4	6.86256
1038	103.8	241.5	6.34643
1039	103.9	241.6	6.32905
1040	104	241.7	6.11786
1041	104.1	241.8	6.16535
1042	104.2	241.9	5.82316
1043	104.3	242	6.30518
1044	104.4	242.1	7.50581
1045	104.5	242.2	6.27833
1046	104.6	242.3	5.12638
1047	104.7	242.4	7.06505
1048	104.8	242.5	6.07854
1049	104.9	242.6	5.63298
1050	105	242.7	6.1859
1051	105.1	242.8	6.21334
1052	105.2	242.9	5.96872
1053	105.3	243	5.47324
1054	105.4	243.1	8.05774
1055	105.5	243.2	8.81029
1056	105.6	243.3	6.34344
1057	105.7	243.4	7.252
1058	105.8	243.5	8.84862
1059	105.9	243.6	6.91885
1060	106	243.7	9.57509
1061	106.1	243.8	8.72899
1062	106.2	243.9	6.04113
1063	106.3	244	8.61834
1064	106.4	244.1	6.42763
1065	106.5	244.2	5.89956
1066	106.6	244.3	7.77152
1067	106.7	244.4	6.92933
1068	106.8	244.5	7.42302
1069	106.9	244.6	5.76975
1070	107	244.7	7.71836
1071	107.1	244.8	6.43678
1072	107.2	244.9	7.0503
1073	107.3	245	5.8417
1074	107.4	245.1	6.82889
1075	107.5	245.2	5.73769
1076	107.6	245.3	6.78999
1077	107.7	245.4	5.86156
1078	107.8	245.5	7.58785
1079	107.9	245.6	6.08636
1080	108	245.7	6.99205
1081	108.1	245.8	5.77794
1082	108.2	245.9	6.92437
1083	108.3	246	6.55208
1084	108.4	246.1	7.31291
1085	108.5	246.2	6.73285
1086	108.6	246.3	7.03531
1087	108.7	246.4	6.46192
1088	108.8	246.5	7.47382
1089	108.9	246.6	6.54749
1090	109	246.7	6.66324
1091	109.1	246.8	5.86654
1092	109.2	246.9	6.79244
1093	109.3	247	5.70407
1094	109.4	247.1	6.43718
1095	109.5	247.2	5.50117
1096	109.6	247.3	6.13245
1097	109.7	247.4	4.47494
1098	109.8	247.5	5.59049
1099	109.9	247.6	4.67629
1100	110	247.7	5.34945
1101	110.1	247.8	4.75993
1102	110.2	247.9	5.27797
1103	110.3	248	4.57328
1104	110.4	248.1	5.08816
1105	110.5	248.2	4.97216
1106	110.6	248.3	5.53743
1107	110.7	248.4	4.74058
1108	110.8	248.5	5.70532
1109	110.9	248.6	4.55143
1110	111	248.7	4.80946
1111	111.1	248.8	4.93296
1112	111.2	248.9	4.89074
1113	111.3	249	4.17823
1114	111.4	249.1	5.07671
1115	111.5	249.2	4.3508
1116	111.6	249.3	4.50011
1117	111.7	249.4	3.50834
1118	111.8	249.5	4.12864
1119	111.9	249.6	3.9644
1120	112	249.7	4.24332
1121	112.1	249.8	3.5428
1122	112.2	249.9	3.92972
1123	112.3	250	4.02752
1124	112.4	250.1	3.7124
1125	112.5	250.2	4.41559
1126	112.6	250.3	3.90286
1127	112.7	250.4	4.76309
1128	112.8	250.5	4.19187
1129	112.9	250.6	5.22564
1130	113	250.7	4.21548
1131	113.1	250.8	5.91421
1132	113.2	250.9	5.53766
1133	113.3	251	6.94409
1134	113.4	251.1	6.81851
1135	113.5	251.2	7.3507
1136	113.6	251.3	6.55275
1137	113.7	251.4	9.04068
1138	113.8	251.5	7.12848
1139	113.9	251.6	8.20837
1140	114	251.7	6.31535
1141	114.1	251.8	8.16414
1142	114.2	251.9	6.52523
1143	114.3	252	7.82631
1144	114.4	252.1	6.39397
1145	114.5	252.2	7.14559
1146	114.6	252.3	6.17887
1147	114.7	252.4	6.92617
1148	114.8	252.5	5.63288
1149	114.9	252.6	6.72435
1150	115	252.7	5.70097
1151	115.1	252.8	7.35621
1152	115.2	252.9	5.94168
1153	115.3	253	6.60941
1154	115.4	253.1	7.39815
1155	115.5	253.2	7.27228
1156	115.6	253.3	6.31851
1157	115.7	253.4	6.06571
1158	115.8	253.5	6.03559
1159	115.9	253.6	5.70379
1160	116	253.7	6.70548
1161	116.1	253.8	6.4667
1162	116.2	253.9	5.40202
1163	116.3	254	7.49214
1164	116.4	254.1	6.28274
1165	116.5	254.2	5.09369
1166	116.6	254.3	7.71302
1167	116.7	254.4	6.89188
1168	116.8	254.5	4.74586
1169	116.9	254.6	4.84637
1170	117	254.7	5.58843
1171	117.1	254.8	5.56127
1172	117.2	254.9	4.82505
1173	117.3	255	6.18216
1174	117.4	255.1	5.00215
1175	117.5	255.2	5.02942
1176	117.6	255.3	6.26644
1177	117.7	255.4	5.82515
1178	117.8	255.5	7.5108
1179	117.9	255.6	6.80371
1180	118	255.7	5.65049
1181	118.1	255.8	5.9996
1182	118.2	255.9	6.92609
1183	118.3	256	7.62922
1184	118.4	256.1	5.59839
1185	118.5	256.2	8.02242
1186	118.6	256.3	6.72212
1187	118.7	256.4	6.29111
1188	118.8	256.5	7.49321
1189	118.9	256.6	6.60488
1190	119	256.7	6.32325
1191	119.1	256.8	5.65379
1192	119.2	256.9	6.15203
1193	119.3	257	5.64123
1194	119.4	257.1	5.88885
1195	119.5	257.2	6.32893
1196	119.6	257.3	4.98072
1197	119.7	257.4	8.54232
1198	119.8	257.5	6.97152
1199	119.9	257.6	6.63719
1200	120	257.7	6.37337
1201	120.1	257.8	5.80594
1202	120.2	257.9	4.81918
1203	120.3	258	5.4214
1204	120.4	258.1	5.9245
1205	120.5	258.2	5.08203
1206	120.6	258.3	5.59252
1207	120.7	258.4	5.94472
1208	120.8	258.5	5.07368
1209	120.9	258.6	5.08594
1210	121	258.7	5.47333
1211	121.1	258.8	5.48504
1212	121.2	258.9	5.24329
1213	121.3	259	5.60799
1214	121.4	259.1	5.62103
1215	121.5	259.2	6.10433
1216	121.6	259.3	4.90073
1217	121.7	259.4	4.73651
1218	121.8	259.5	5.44908
1219	121.9	259.6	5.48918
1220	122	259.7	4.79226
1221	122.1	259.8	4.7972
1222	122.2	259.9	5.03731
1223	122.3	260	4.75549
1224	122.4	260.1	4.88157
1225	122.5	260.2	3.97218
1226	122.6	260.3	5.03229
1227	122.7	260.4	5.7239
1228	122.8	260.5	4.55337
1229	122.9	260.6	5.41105
1230	123	260.7	5.00707
1231	123.1	260.8	6.23018
1232	123.2	260.9	5.08284
1233	123.3	261	5.8835
1234	123.4	261.1	5.58807
1235	123.5	261.2	6.92077
1236	123.6	261.3	6.34806
1237	123.7	261.4	7.52262
1238	123.8	261.5	6.11653
1239	123.9	261.6	6.03247
1240	124	261.7	6.74108
1241	124.1	261.8	6.77723
1242	124.2	261.9	5.24491
1243	124.3	262	8.19409
1244	124.4	262.1	6.68805
1245	124.5	262.2	5.97259
1246	124.6	262.3	6.97148
1247	124.7	262.4	6.64437
1248	124.8	262.5	5.98814
1249	124.9	262.6	7.55096
1250	125	262.7	5.7877
1251	125.1	262.8	5.7835
1252	125.2	262.9	6.89489
1253	125.3	263	6.92881
1254	125.4	263.1	5.44663
1255	125.5	263.2	6.79225
1256	125.6	263.3	5.69634
1257	125.7	263.4	6.09136
1258	125.8	263.5	5.16511
1259	125.9	263.6	5.75884
1260	126	263.7	6.64243
1261	126.1	263.8	6.23631
1262	126.2	263.9	5.11533
1263	126.3	264	6.72235
1264	126.4	264.1	5.45188
1265	126.5	264.2	4.80306
1266	126.6	264.3	5.47261
1267	126.7	264.4	5.94689
1268	126.8	264.5	4.42437
1269	126.9	264.6	5.30986
1270	127	264.7	4.1437
1271	127.1	264.8	4.36563
1272	127.2	264.9	5.10726
1273	127.3	265	6.36868
1274	127.4	265.1	5.44416
1275	127.5	265.2	7.1927
1276	127.6	265.3	5.2396
1277	127.7	265.4	5.38938
1278	127.8	265.5	6.96056
1279	127.9	265.6	7.28049
1280	128	265.7	6.13305
1281	128.1	265.8	7.04567
1282	128.2	265.9	6.046
1283	128.3	266	6.441
1284	128.4	266.1	6.46648
1285	128.5	266.2	7.00679
1286	128.6	266.3	6.56367
1287	128.7	266.4	8.05551
1288	128.8	266.5	6.09633
1289	128.9	266.6	5.36968
1290	129	266.7	6.28626
1291	129.1	266.8	6.38458
1292	129.2	266.9	5.54714
1293	129.3	267	6.34169
1294	129.4	267.1	5.93924
1295	129.5	267.2	6.84559
1296	129.6	267.3	7.52456
1297	129.7	267.4	6.14253
1298	129.8	267.5	5.34386
1299	129.9	267.6	6.71349
1300	130	267.7	5.56098
1301	130.1	267.8	6.30276
1302	130.2	267.9	5.03127
1303	130.3	268	6.77782
1304	130.4	268.1	5.14964
1305	130.5	268.2	5.7867
1306	130.6	268.3	6.95896
1307	130.7	268.4	7.68785
1308	130.8	268.5	6.01157
1309	130.9	268.6	7.04266
1310	131	268.7	5.99327
1311	131.1	268.8	6.93802
1312	131.2	268.9	6.23206
1313	131.3	269	6.71053
1314	131.4	269.1	5.58429
1315	131.5	269.2	7.30379
1316	131.6	269.3	6.54964
1317	131.7	269.4	8.07897
1318	131.8	269.5	7.20031
1319	131.9	269.6	7.42042
1320	132	269.7	5.93753
1321	132.1	269.8	7.30633
1322	132.2	269.9	5.68388
1323	132.3	270	7.01306
1324	132.4	270.1	6.70848
1325	132.5	270.2	7.1397
1326	132.6	270.3	9.1039
1327	132.7	270.4	8.33507
1328	132.8	270.5	6.79193
1329	132.9	270.6	8.10252
1330	133	270.7	7.71602
1331	133.1	270.8	8.12806
1332	133.2	270.9	8.96956
1333	133.3	271	7.42656
1334	133.4	271.1	6.42042
1335	133.5	271.2	7.22775
1336	133.6	271.3	9.0746
1337	133.7	271.4	6.38662
1338	133.8	271.5	7.35454
1339	133.9	271.6	7.29401
1340	134	271.7	5.72026
1341	134.1	271.8	5.70355
1342	134.2	271.9	6.90466
1343	134.3	272	6.55947
1344	134.4	272.1	5.52555
1345	134.5	272.2	6.45393
1346	134.6	272.3	5.53772
1347	134.7	272.4	5.68315
1348	134.8	272.5	5.58729
1349	134.9	272.6	5.81401
1350	135	272.7	5.16372
1351	135.1	272.8	5.62363
1352	135.2	272.9	5.24349
1353	135.3	273	5.62731
1354	135.4	273.1	6.2534
1355	135.5	273.2	5.78896
1356	135.6	273.3	5.80983
1357	135.7	273.4	6.7924
1358	135.8	273.5	4.15616
1359	135.9	273.6	5.44124
1360	136	273.7	6.40897
1361	136.1	273.8	5.95406
1362	136.2	273.9	5.89135
1363	136.3	274	7.32003
1364	136.4	274.1	5.43824
1365	136.5	274.2	5.11674
1366	136.6	274.3	6.81193
1367	136.7	274.4	5.46427
1368	136.8	274.5	6.5676
1369	136.9	274.6	6.33746
1370	137	274.7	6.17364
1371	137.1	274.8	7.58433
1372	137.2	274.9	5.04543
1373	137.3	275	6.92607
1374	137.4	275.1	6.0841
1375	137.5	275.2	6.35443
1376	137.6	275.3	7.94664
1377	137.7	275.4	6.88001
1378	137.8	275.5	8.39678
1379	137.9	275.6	8.65454
1380	138	275.7	6.53339
1381	138.1	275.8	7.18085
1382	138.2	275.9	7.68257
1383	138.3	276	8.42835
1384	138.4	276.1	6.64111
1385	138.5	276.2	7.33987
1386	138.6	276.3	8.28989
1387	138.7	276.4	8.12564
1388	138.8	276.5	6.48847
1389	138.9	276.6	5.81035
1390	139	276.7	6.36677
1391	139.1	276.8	7.32537
1392	139.2	276.9	6.48922
1393	139.3	277	6.3324
1394	139.4	277.1	7.18171
1395	139.5	277.2	6.66499
1396	139.6	277.3	6.04703
1397	139.7	277.4	6.11092
1398	139.8	277.5	6.2831
1399	139.9	277.6	5.66296
1400	140	277.7	5.38223
1401	140.1	277.8	5.14157
1402	140.2	277.9	5.4942
1403	140.3	278	5.36547
1404	140.4	278.1	4.50771
1405	140.5	278.2	4.86654
1406	140.6	278.3	5.31882
1407	140.7	278.4	5.34666
1408	140.8	278.5	4.86641
1409	140.9	278.6	5.59991
1410	141	278.7	4.8252
1411	141.1	278.8	6.38235
1412	141.2	278.9	5.99229
1413	141.3	279	7.04128
1414	141.4	279.1	5.48712
1415	141.5	279.2	6.62664
1416	141.6	279.3	5.55154
1417	141.7	279.4	7.80357
1418	141.8	279.5	6.07929
1419	141.9	279.6	6.99794
1420	142	279.7	5.32639
1421	142.1	279.8	7.0327
1422	142.2	279.9	5.12109
1423	142.3	280	6.67475
1424	142.4	280.1	5.30828
1425	142.5	280.2	5.93807
1426	142.6	280.3	4.75187
1427	142.7	280.4	6.00299
1428	142.8	280.5	4.48192
1429	142.9	280.6	6.08994
1430	143	280.7	4.67236
1431	143.1	280.8	5.86769
1432	143.2	280.9	4.76943
1433	143.3	281	6.10922
1434	143.4	281.1	5.4269
1435	143.5	281.2	6.4714
1436	143.6	281.3	5.1024
1437	143.7	281.4	6.0937
1438	143.8	281.5	4.81198
1439	143.9	281.6	6.72475
1440	144	281.7	5.48786
1441	144.1	281.8	6.48298
1442	144.2	281.9	5.17963
1443	144.3	282	6.81972
1444	144.4	282.1	5.3673
1445	144.5	282.2	6.62448
1446	144.6	282.3	5.45671
1447	144.7	282.4	6.80905
1448	144.8	282.5	5.10664
1449	144.9	282.6	6.98892
1450	145	282.7	4.80882
1451	145.1	282.8	5.49672
1452	145.2	282.9	5.80567
1453	145.3	283	6.27811
1454	145.4	283.1	4.42574
1455	145.5	283.2	7.01658
1456	145.6	283.3	4.98505
1457	145.7	283.4	4.52791
1458	145.8	283.5	5.98463
1459	145.9	283.6	6.49986
1460	146	283.7	6.55577
1461	146.1	283.8	4.39854
1462	146.2	283.9	5.03576
1463	146.3	284	4.60936
1464	146.4	284.1	5.15805
1465	146.5	284.2	4.42035
1466	146.6	284.3	4.72984
1467	146.7	284.4	4.83018
1468	146.8	284.5	5.38616
1469	146.9	284.6	4.75698
1470	147	284.7	5.22089
1471	147.1	284.8	5.06817
1472	147.2	284.9	4.55182
1473	147.3	285	4.39944
1474	147.4	285.1	5.54798
1475	147.5	285.2	4.59848
1476	147.6	285.3	5.31518
1477	147.7	285.4	4.75852
1478	147.8	285.5	4.69286
1479	147.9	285.6	4.7826
1480	148	285.7	5.07324
1481	148.1	285.8	4.47803
1482	148.2	285.9	5.26992
1483	148.3	286	5.11043
1484	148.4	286.1	5.57219
1485	148.5	286.2	5.34263
1486	148.6	286.3	6.93019
1487	148.7	286.4	6.00645
1488	148.8	286.5	6.52107
1489	148.9	286.6	6.79029
1490	149	286.7	7.76154
1491	149.1	286.8	5.86381
1492	149.2	286.9	6.46893
1493	149.3	287	8.17029
1494	149.4	287.1	8.4089
1495	149.5	287.2	6.37061
1496	149.6	287.3	8.35879
1497	149.7	287.4	7.04484
1498	149.8	287.5	6.52176
1499	149.9	287.6	7.84703
1500	150	287.7	7.84373
1501	150.1	287.8	6.53385
1502	150.2	287.9	6.17647
1503	150.3	288	6.47395
1504	150.4	288.1	5.97359
1505	150.5	288.2	6.22528
1506	150.6	288.3	6.27301
1507	150.7	288.4	6.38038
1508	150.8	288.5	7.49277
1509	150.9	288.6	6.15791
1510	151	288.7	7.45525
1511	151.1	288.8	5.79048
1512	151.2	288.9	5.51187
1513	151.3	289	6.39601
1514	151.4	289.1	5.80995
1515	151.5	289.2	6.45801
1516	151.6	289.3	8.29805
1517	151.7	289.4	5.95642
1518	151.8	289.5	5.781
1519	151.9	289.6	7.42472
1520	152	289.7	6.77815
1521	152.1	289.8	5.29229
1522	152.2	289.9	6.27402
1523	152.3	290	5.55978
1524	152.4	290.1	5.54421
1525	152.5	290.2	6.77498
1526	152.6	290.3	6.95087
1527	152.7	290.4	5.60363
1528	152.8	290.5	7.44686
1529	152.9	290.6	5.2648
1530	153	290.7	6.11953
1531	153.1	290.8	4.96423
1532	153.2	290.9	5.74357
1533	153.3	291	4.91363
1534	153.4	291.1	4.10177
1535	153.5	291.2	6.08602
1536	153.6	291.3	5.72003
1537	153.7	291.4	4.32796
1538	153.8	291.5	5.11179
1539	153.9	291.6	5.46606
1540	154	291.7	5.23272
1541	154.1	291.8	5.34878
1542	154.2	291.9	5.90059
1543	154.3	292	4.89074
1544	154.4	292.1	4.67875
1545	154.5	292.2	5.35116
1546	154.6	292.3	4.71472
1547	154.7	292.4	6.0171
1548	154.8	292.5	5.49637
1549	154.9	292.6	4.68929
1550	155	292.7	5.17474
1551	155.1	292.8	5.69974
1552	155.2	292.9	6.30215
1553	155.3	293	6.50365
1554	155.4	293.1	8.71285
1555	155.5	293.2	5.23875
1556	155.6	293.3	7.09214
1557	155.7	293.4	6.22009
1558	155.8	293.5	6.45943
1559	155.9	293.6	6.13764
1560	156	293.7	7.56657
1561	156.1	293.8	5.00656
1562	156.2	293.9	6.19601
1563	156.3	294	5.67943
1564	156.4	294.1	5.84643
1565	156.5	294.2	5.01227
1566	156.6	294.3	6.792
1567	156.7	294.4	6.0361
1568	156.8	294.5	6.37356
1569	156.9	294.6	4.84913
1570	157	294.7	6.6248
1571	157.1	294.8	5.07571
1572	157.2	294.9	5.64987
1573	157.3	295	5.13318
1574	157.4	295.1	4.8014
1575	157.5	295.2	6.11233
1576	157.6	295.3	5.20516
1577	157.7	295.4	6.07589
1578	157.8	295.5	5.92353
1579	157.9	295.6	5.03103
1580	158	295.7	5.6454
1581	158.1	295.8	4.80787
1582	158.2	295.9	5.60803
1583	158.3	296	5.3353
1584	158.4	296.1	5.61048
1585	158.5	296.2	5.31171
1586	158.6	296.3	5.73528
1587	158.7	296.4	5.56651
1588	158.8	296.5	5.96609
1589	158.9	296.6	4.85694
1590	159	296.7	5.09724
1591	159.1	296.8	4.7922
1592	159.2	296.9	5.29505
1593	159.3	297	4.65234
1594	159.4	297.1	5.40529
1595	159.5	297.2	5.19112
1596	159.6	297.3	6.0346
1597	159.7	297.4	5.10255
1598	159.8	297.5	5.8091
1599	159.9	297.6	5.46174
1600	160	297.7	5.71352
1601	160.1	297.8	4.84557
1602	160.2	297.9	5.71163
1603	160.3	298	5.47836
1604	160.4	298.1	5.71849
1605	160.5	298.2	4.94092
1606	160.6	298.3	5.67681
1607	160.7	298.4	5.40352
1608	160.8	298.5	5.44803
1609	160.9	298.6	4.92979
1610	161	298.7	5.77598
1611	161.1	298.8	5.20342
1612	161.2	298.9	6.55273
1613	161.3	299	5.65307
1614	161.4	299.1	6.78716
1615	161.5	299.2	6.07395
1616	161.6	299.3	6.75147
1617	161.7	299.4	5.32949
1618	161.8	299.5	5.52352
1619	161.9	299.6	7.39027
1620	162	299.7	7.03664
1621	162.1	299.8	5.61065
1622	162.2	299.9	6.00248
1623	162.3	300	5.29527
1624	162.4	300.1	6.09583
1625	162.5	300.2	5.10873
1626	162.6	300.3	6.40508
1627	162.7	300.4	5.0666
1628	162.8	300.5	5.61738
1629	162.9	300.6	4.42359
1630	163	300.7	5.26608
1631	163.1	300.8	5.07966
1632	163.2	300.9	5.71074
1633	163.3	301	4.5288
1634	163.4	301.1	6.09008
1635	163.5	301.2	5.57798
1636	163.6	301.3	5.26692
1637	163.7	301.4	4.32363
1638	163.8	301.5	4.8108
1639	163.9	301.6	4.58603
1640	164	301.7	5.50711
1641	164.1	301.8	4.3575
1642	164.2	301.9	4.90506
1643	164.3	302	4.81018
1644	164.4	302.1	4.93022
1645	164.5	302.2	4.33905
1646	164.6	302.3	5.38237
1647	164.7	302.4	4.61041
1648	164.8	302.5	5.03152
1649	164.9	302.6	4.43198
1650	165	302.7	4.86643
1651	165.1	302.8	4.64428
1652	165.2	302.9	6.27726
1653	165.3	303	5.27072
1654	165.4	303.1	6.50489
1655	165.5	303.2	6.18958
1656	165.6	303.3	7.40341
1657	165.7	303.4	6.10041
1658	165.8	303.5	8.48758
1659	165.9	303.6	6.49643
1660	166	303.7	5.00403
1661	166.1	303.8	6.98167
1662	166.2	303.9	6.90604
1663	166.3	304	6.03076
1664	166.4	304.1	7.38141
1665	166.5	304.2	5.95253
1666	166.6	304.3	5.46527
1667	166.7	304.4	7.44239
1668	166.8	304.5	6.18972
1669	166.9	304.6	7.69619
1670	167	304.7	7.50723
1671	167.1	304.8	7.09371
1672	167.2	304.9	6.77045
1673	167.3	305	5.98355
1674	167.4	305.1	6.43676
1675	167.5	305.2	6.10988
1676	167.6	305.3	6.20605
1677	167.7	305.4	6.25552
1678	167.8	305.5	5.3299
1679	167.9	305.6	6.33918
1680	168	305.7	6.17649
1681	168.1	305.8	5.44236
1682	168.2	305.9	5.68841
1683	168.3	306	5.22152
1684	168.4	306.1	5.50648
1685	168.5	306.2	4.99688
1686	168.6	306.3	5.15241
1687	168.7	306.4	6.00075
1688	168.8	306.5	5.32148
1689	168.9	306.6	6.14941
1690	169	306.7	5.8851
1691	169.1	306.8	5.22127
1692	169.2	306.9	6.16377
1693	169.3	307	5.13285
1694	169.4	307.1	5.75243
1695	169.5	307.2	4.68036
1696	169.6	307.3	4.85615
1697	169.7	307.4	5.38883
1698	169.8	307.5	5.25431
1699	169.9	307.6	4.87472
1700	170	307.7	5.68094
1701	170.1	307.8	4.63757
1702	170.2	307.9	4.80072
1703	170.3	308	5.48343
1704	170.4	308.1	5.24372
1705	170.5	308.2	5.61459
1706	170.6	308.3	6.07735
1707	170.7	308.4	5.47619
1708	170.8	308.5	6.07512
1709	170.9	308.6	4.91026
1710	171	308.7	5.68329
1711	171.1	308.8	5.11131
1712	171.2	308.9	4.77076
1713	171.3	309	5.5465
1714	171.4	309.1	4.88692
1715	171.5	309.2	6.00599
1716	171.6	309.3	6.34271
1717	171.7	309.4	4.55851
1718	171.8	309.5	5.53583
1719	171.9	309.6	5.45728
1720	172	309.7	5.30363
1721	172.1	309.8	5.00168
1722	172.2	309.9	6.04004
1723	172.3	310	5.49083
1724	172.4	310.1	5.23479
1725	172.5	310.2	5.582
1726	172.6	310.3	4.81559
1727	172.7	310.4	5.47907
1728	172.8	310.5	5.60347
1729	172.9	310.6	4.91039
1730	173	310.7	5.14227
1731	173.1	310.8	5.46787
1732	173.2	310.9	6.00381
1733	173.3	311	4.48217
1734	173.4	311.1	5.36728
1735	173.5	311.2	4.86386
1736	173.6	311.3	4.42437
1737	173.7	311.4	5.28589
1738	173.8	311.5	4.2795
1739	173.9	311.6	5.11231
1740	174	311.7	4.8255
1741	174.1	311.8	4.27594
1742	174.2	311.9	5.45319
1743	174.3	312	4.671
1744	174.4	312.1	5.55309
1745	174.5	312.2	4.38625
1746	174.6	312.3	5.33553
1747	174.7	312.4	5.12852
1748	174.8	312.5	5.76496
1749	174.9	312.6	5.01912
1750	175	312.7	5.91566
1751	175.1	312.8	5.62596
1752	175.2	312.9	5.97774
1753	175.3	313	5.28622
1754	175.4	313.1	7.91212
1755	175.5	313.2	6.71101
1756	175.6	313.3	8.49456
1757	175.7	313.4	7.26183
1758	175.8	313.5	10.0624
1759	175.9	313.6	8.23863
1760	176	313.7	9.22406
1761	176.1	313.8	8.33892
1762	176.2	313.9	10.1347
1763	176.3	314	8.36713
1764	176.4	314.1	9.33706
1765	176.5	314.2	7.78771
1766	176.6	314.3	11.0147
1767	176.7	314.4	7.85929
1768	176.8	314.5	9.42847
1769	176.9	314.6	8.10434
1770	177	314.7	9.82458
1771	177.1	314.8	7.91337
1772	177.2	314.9	10.1931
1773	177.3	315	7.59681
1774	177.4	315.1	8.48681
1775	177.5	315.2	6.85411
1776	177.6	315.3	8.19407
1777	177.7	315.4	7.11113
1778	177.8	315.5	8.38732
1779	177.9	315.6	6.58714
1780	178	315.7	7.50429
1781	178.1	315.8	5.89736
1782	178.2	315.9	7.24766
1783	178.3	316	6.01196
1784	178.4	316.1	6.70385
1785	178.5	316.2	5.66247
1786	178.6	316.3	7.11771
1787	178.7	316.4	5.9502
1788	178.8	316.5	6.89315
1789	178.9	316.6	5.38529
1790	179	316.7	5.50401
1791	179.1	316.8	7.07299
1792	179.2	316.9	5.96865
1793	179.3	317	6.58831
1794	179.4	317.1	5.57806
1795	179.5	317.2	6.42998
1796	179.6	317.3	5.63836
1797	179.7	317.4	6.69116
1798	179.8	317.5	5.63782
1799	179.9	317.6	6.40331
1800	180	317.7	5.6009
1801	180.1	317.8	6.63918
1802	180.2	317.9	6.43916
1803	180.3	318	7.30777
1804	180.4	318.1	5.75241
1805	180.5	318.2	6.86508
1806	180.6	318.3	6.03194
1807	180.7	318.4	6.91072
1808	180.8	318.5	5.93075
1809	180.9	318.6	7.26731
1810	181	318.7	6.42972
1811	181.1	318.8	7.43694
1812	181.2	318.9	6.10681
1813	181.3	319	8.34209
1814	181.4	319.1	6.19636
1815	181.5	319.2	7.23395
1816	181.6	319.3	5.68627
1817	181.7	319.4	7.46728
1818	181.8	319.5	6.02133
1819	181.9	319.6	7.28508
1820	182	319.7	5.78665
1821	182.1	319.8	6.79284
1822	182.2	319.9	5.35931
1823	182.3	320	7.41425
1824	182.4	320.1	5.69453
1825	182.5	320.2	6.96727
1826	182.6	320.3	5.48103
1827	182.7	320.4	6.97911
1828	182.8	320.5	5.77829
1829	182.9	320.6	6.6811
1830	183	320.7	4.94583
1831	183.1	320.8	6.60672
1832	183.2	320.9	5.42632
1833	183.3	321	5.67066
1834	183.4	321.1	4.88643
1835	183.5	321.2	5.6145
1836	183.6	321.3	4.57041
1837	183.7	321.4	6.17301
1838	183.8	321.5	4.93696
1839	183.9	321.6	5.39352
1840	184	321.7	4.79557
1841	184.1	321.8	4.68629
1842	184.2	321.9	4.50409
1843	184.3	322	4.90047
1844	184.4	322.1	4.00193
1845	184.5	322.2	5.2385
1846	184.6	322.3	4.51249
1847	184.7	322.4	4.97735
1848	184.8	322.5	5.76088
1849	184.9	322.6	4.99006
1850	185	322.7	4.22354
1851	185.1	322.8	6.27431
1852	185.2	322.9	4.57292
1853	185.3	323	4.91331
1854	185.4	323.1	4.71242
1855	185.5	323.2	6.36348
1856	185.6	323.3	4.58334
1857	185.7	323.4	4.33586
1858	185.8	323.5	6.20873
1859	185.9	323.6	5.70403
1860	186	323.7	6.71761
1861	186.1	323.8	6.31599
1862	186.2	323.9	5.15748
1863	186.3	324	5.56163
1864	186.4	324.1	5.03333
1865	186.5	324.2	5.00104
1866	186.6	324.3	6.05481
1867	186.7	324.4	6.09594
1868	186.8	324.5	5.25828
1869	186.9	324.6	5.48511
1870	187	324.7	6.34925
1871	187.1	324.8	5.18343
1872	187.2	324.9	6.69898
1873	187.3	325	6.04291
1874	187.4	325.1	5.11531
1875	187.5	325.2	6.49408
1876	187.6	325.3	4.60061
1877	187.7	325.4	5.20165
1878	187.8	325.5	4.49869
1879	187.9	325.6	5.6061
1880	188	325.7	4.11026
1881	188.1	325.8	6.26711
1882	188.2	325.9	5.29021
1883	188.3	326	6.11743
1884	188.4	326.1	4.24744
1885	188.5	326.2	5.76405
1886	188.6	326.3	4.09145
1887	188.7	326.4	5.4471
1888	188.8	326.5	4.14146
1889	188.9	326.6	5.26487
1890	189	326.7	4.02893
1891	189.1	326.8	5.087
1892	189.2	326.9	4.21407
1893	189.3	327	5.21147
1894	189.4	327.1	4.94769
1895	189.5	327.2	5.93833
1896	189.6	327.3	4.60446
1897	189.7	327.4	5.98173
1898	189.8	327.5	5.57764
1899	189.9	327.6	5.53144
1900	190	327.7	6.6991
1901	190.1	327.8	5.13846
1902	190.2	327.9	6.49685
1903	190.3	328	6.7252
1904	190.4	328.1	6.09042
1905	190.5	328.2	6.81477
1906	190.6	328.3	5.62342
1907	190.7	328.4	7.20638
1908	190.8	328.5	6.60419
1909	190.9	328.6	7.37641
1910	191	328.7	5.77157
1911	191.1	328.8	6.65664
1912	191.2	328.9	0.192786
1913	191.3	329	7.50198
1914	191.4	329.1	7.88028
1915	191.5	329.2	5.90051
1916	191.6	329.3	7.05849
1917	191.7	329.4	8.12616
1918	191.8	329.5	6.24281
1919	191.9	329.6	6.44831
1920	192	329.7	7.79571
1921	192.1	329.8	7.18913
1922	192.2	329.9	5.77427
1923	192.3	330	7.19403
1924	192.4	330.1	6.37895
1925	192.5	330.2	6.46227
1926	192.6	330.3	5.92316
1927	192.7	330.4	7.05779
1928	192.8	330.5	5.72587
1929	192.9	330.6	7.16717
1930	193	330.7	6.12112
1931	193.1	330.8	6.71057
1932	193.2	330.9	4.89484
1933	193.3	331	5.94104
1934	193.4	331.1	5.41589
1935	193.5	331.2	6.8843
1936	193.6	331.3	5.926
1937	193.7	331.4	6.4742
1938	193.8	331.5	5.08729
1939	193.9	331.6	6.36294
1940	194	331.7	5.16026
1941	194.1	331.8	5.8396
1942	194.2	331.9	4.78136
1943	194.3	332	5.98164
1944	194.4	332.1	4.9622
1945	194.5	332.2	5.91975
1946	194.6	332.3	5.25372
1947	194.7	332.4	6.43093
1948	194.8	332.5	4.88687
1949	194.9	332.6	6.80161
1950	195	332.7	6.05909
1951	195.1	332.8	6.99234
1952	195.2	332.9	6.76599
1953	195.3	333	8.13356
1954	195.4	333.1	5.03887
1955	195.5	333.2	6.36796
1956	195.6	333.3	5.51316
1957	195.7	333.4	7.77326
1958	195.8	333.5	5.34833
1959	195.9	333.6	5.66103
1960	196	333.7	6.84895
1961	196.1	333.8	6.60995
1962	196.2	333.9	5.75864
1963	196.3	334	7.80486
1964	196.4	334.1	6.62357
1965	196.5	334.2	6.803
1966	196.6	334.3	6.07942
1967	196.7	334.4	7.76831
1968	196.8	334.5	5.53672
1969	196.9	334.6	6.34461
1970	197	334.7	5.78997
1971	197.1	334.8	6.6063
1972	197.2	334.9	4.88622
1973	197.3	335	6.28929
1974	197.4	335.1	5.53995
1975	197.5	335.2	6.81248
1976	197.6	335.3	5.18429
1977	197.7	335.4	6.33571
1978	197.8	335.5	4.75599
1979	197.9	335.6	7.24566
1980	198	335.7	6.01793
1981	198.1	335.8	6.77182
1982	198.2	335.9	6.27617
1983	198.3	336	7.1923
1984	198.4	336.1	7.23534
1985	198.5	336.2	8.48206
1986	198.6	336.3	7.28972
1987	198.7	336.4	8.58082
1988	198.8	336.5	6.79061
1989	198.9	336.6	8.14267
1990	199	336.7	6.74878
1991	199.1	336.8	7.4625
1992	199.2	336.9	6.31909
1993	199.3	337	7.98057
1994	199.4	337.1	8.18155
1995	199.5	337.2	8.62597
1996	199.6	337.3	6.29162
1997	199.7	337.4	7.7767
1998	199.8	337.5	6.63111
1999	199.9	337.6	7.37696
2000	200	337.7	6.44529
2001	200.1	337.8	8.2156
2002	200.2	337.9	6.36173
2003	200.3	338	7.82222
2004	200.4	338.1	5.83199
2005	200.5	338.2	6.83239
2006	200.6	338.3	6.33407
2007	200.7	338.4	8.00276
2008	200.8	338.5	6.42692
2009	200.9	338.6	6.59801
2010	201	338.7	8.32716
2011	201.1	338.8	6.7962
2012	201.2	338.9	7.49911
2013	201.3	339	7.43198
2014	201.4	339.1	6.70903
2015	201.5	339.2	7.70603
2016	201.6	339.3	6.52525
2017	201.7	339.4	7.37442
2018	201.8	339.5	6.05105
2019	201.9	339.6	7.169
2020	202	339.7	5.69174
2021	202.1	339.8	5.07409
2022	202.2	339.9	7.77922
2023	202.3	340	7.73331
2024	202.4	340.1	6.43207
2025	202.5	340.2	7.07275
2026	202.6	340.3	6.00051
2027	202.7	340.4	6.82344
2028	202.8	340.5	5.95764
2029	202.9	340.6	6.24837
2030	203	340.7	6.48729
2031	203.1	340.8	6.84454
2032	203.2	340.9	4.98985
2033	203.3	341	6.39409
2034	203.4	341.1	5.78952
2035	203.5	341.2	6.53131
2036	203.6	341.3	5.82944
2037	203.7	341.4	6.59379
2038	203.8	341.5	5.24412
2039	203.9	341.6	6.87363
2040	204	341.7	5.55107
2041	204.1	341.8	5.37749
2042	204.2	341.9	6.61122
2043	204.3	342	6.79628
2044	204.4	342.1	5.81403
2045	204.5	342.2	6.66127
2046	204.6	342.3	5.35603
2047	204.7	342.4	6.62723
2048	204.8	342.5	5.46601
2049	204.9	342.6	5.88381
2050	205	342.7	5.58665
2051	205.1	342.8	6.90656
2052	205.2	342.9	5.21484
2053	205.3	343	5.26751
2054	205.4	343.1	6.36756
2055	205.5	343.2	6.96838
2056	205.6	343.3	5.93307
2057	205.7	343.4	6.94432
2058	205.8	343.5	5.84238
2059	205.9	343.6	6.27292
2060	206	343.7	6.54064
2061	206.1	343.8	6.01717
2062	206.2	343.9	6.00191
2063	206.3	344	6.65933
2064	206.4	344.1	5.63611
2065	206.5	344.2	4.86886
2066	206.6	344.3	5.80082
2067	206.7	344.4	6.6063
2068	206.8	344.5	4.47991
2069	206.9	344.6	6.18426
2070	207	344.7	4.71624
2071	207.1	344.8	6.1313
2072	207.2	344.9	4.85172
2073	207.3	345	6.0851
2074	207.4	345.1	5.214
2075	207.5	345.2	6.63103
2076	207.6	345.3	5.69841
2077	207.7	345.4	6.81189
2078	207.8	345.5	5.49576
2079	207.9	345.6	6.1586
2080	208	345.7	5.3942
2081	208.1	345.8	6.40776
2082	208.2	345.9	4.72773
2083	208.3	346	5.54238
2084	208.4	346.1	6.12317
2085	208.5	346.2	5.00597
2086	208.6	346.3	6.84511
2087	208.7	346.4	5.62309
2088	208.8	346.5	6.3876
2089	208.9	346.6	4.85941
2090	209	346.7	6.01593
2091	209.1	346.8	5.89481
2092	209.2	346.9	6.7809
2093	209.3	347	6.99233
2094	209.4	347.1	6.05767
2095	209.5	347.2	7.30074
2096	209.6	347.3	6.37065
2097	209.7	347.4	6.53284
2098	209.8	347.5	5.73718
2099	209.9	347.6	7.16375
2100	210	347.7	6.37316
2101	210.1	347.8	7.19528
2102	210.2	347.9	5.67583
2103	210.3	348	6.08174
2104	210.4	348.1	5.05929
2105	210.5	348.2	6.21504
2106	210.6	348.3	4.98788
2107	210.7	348.4	5.41249
2108	210.8	348.5	4.13121
2109	210.9	348.6	5.63069
2110	211	348.7	5.07776
2111	211.1	348.8	6.33605
2112	211.2	348.9	4.82008
2113	211.3	349	6.00929
2114	211.4	349.1	4.7697
2115	211.5	349.2	6.178
2116	211.6	349.3	4.73535
2117	211.7	349.4	5.65007
2118	211.8	349.5	4.67571
2119	211.9	349.6	5.731
2120	212	349.7	4.39746
2121	212.1	349.8	5.31661
2122	212.2	349.9	4.21677
2123	212.3	350	4.73172
2124	212.4	350.1	4.97936
2125	212.5	350.2	6.20526
2126	212.6	350.3	5.46687
2127	212.7	350.4	5.00254
2128	212.8	350.5	5.65467
2129	212.9	350.6	4.86585
2130	213	350.7	5.71761
2131	213.1	350.8	5.04069
2132	213.2	350.9	5.82871
2133	213.3	351	4.38505
2134	213.4	351.1	5.21332
2135	213.5	351.2	5.10056
2136	213.6	351.3	4.90514
2137	213.7	351.4	5.59585
2138	213.8	351.5	5.65876
2139	213.9	351.6	5.70117
2140	214	351.7	6.22817
2141	214.1	351.8	5.07471
2142	214.2	351.9	5.49082
2143	214.3	352	5.29194
2144	214.4	352.1	6.02716
2145	214.5	352.2	5.56019
2146	214.6	352.3	6.07101
2147	214.7	352.4	5.68184
2148	214.8	352.5	6.42743
2149	214.9	352.6	5.38538
2150	215	352.7	6.93504
2151	215.1	352.8	6.25514
2152	215.2	352.9	6.714
2153	215.3	353	6.03344
2154	215.4	353.1	6.27853
2155	215.5	353.2	5.44652
2156	215.6	353.3	5.44383
2157	215.7	353.4	4.82822
2158	215.8	353.5	4.85977
2159	215.9	353.6	6.09899
2160	216	353.7	5.8196
2161	216.1	353.8	4.34225
2162	216.2	353.9	5.61165
2163	216.3	354	4.84174
2164	216.4	354.1	4.10064
2165	216.5	354.2	5.7078
2166	216.6	354.3	5.62774
2167	216.7	354.4	4.48832
2168	216.8	354.5	4.72021
2169	216.9	354.6	4.36601
2170	217	354.7	5.49758
2171	217.1	354.8	4.9687
2172	217.2	354.9	5.48495
2173	217.3	355	5.82347
2174	217.4	355.1	7.34762
2175	217.5	355.2	6.61964
2176	217.6	355.3	8.90566
2177	217.7	355.4	7.57222
2178	217.8	355.5	7.1587
2179	217.9	355.6	10.5621
2180	218	355.7	10.5567
2181	218.1	355.8	7.27096
2182	218.2	355.9	7.34686
2183	218.3	356	10.6047
2184	218.4	356.1	9.68135
2185	218.5	356.2	6.10119
2186	218.6	356.3	7.87274
2187	218.7	356.4	6.8652
2188	218.8	356.5	5.28094
2189	218.9	356.6	6.81851
2190	219	356.7	6.41197
2191	219.1	356.8	8.74683
2192	219.2	356.9	5.74562
2193	219.3	357	5.91086
2194	219.4	357.1	7.70661
2195	219.5	357.2	6.90791
2196	219.6	357.3	4.64037
2197	219.7	357.4	6.14953
2198	219.8	357.5	4.67262
2199	219.9	357.6	5.64073
2200	220	357.7	4.41805
2201	220.1	357.8	6.34758
2202	220.2	357.9	4.76965
2203	220.3	358	7.32043
2204	220.4	358.1	5.51414
2205	220.5	358.2	5.61692
2206	220.6	358.3	7.23068
2207	220.7	358.4	7.44254
2208	220.8	358.5	5.13243
2209	220.9	358.6	7.49589
2210	221	358.7	6.45391
2211	221.1	358.8	6.20952
2212	221.2	358.9	7.16016
2213	221.3	359	5.65435
2214	221.4	359.1	7.36091
2215	221.5	359.2	6.48132
2216	221.6	359.3	7.61316
2217	221.7	359.4	7.35027
2218	221.8	359.5	5.84831
2219	221.9	359.6	7.47358
2220	222	359.7	5.60383
2221	222.1	359.8	6.13492
2222	222.2	359.9	6.88739
2223	222.3	360	7.0648
2224	222.4	360.1	4.69264
2225	222.5	360.2	6.49134
2226	222.6	360.3	5.41067
2227	222.7	360.4	5.84527
2228	222.8	360.5	4.51252
2229	222.9	360.6	5.52223
2230	223	360.7	5.07098
2231	223.1	360.8	5.27881
2232	223.2	360.9	4.75894
2233	223.3	361	4.62274
2234	223.4	361.1	5.36587
2235	223.5	361.2	5.12512
2236	223.6	361.3	3.95165
2237	223.7	361.4	4.78014
2238	223.8	361.5	5.30547
2239	223.9	361.6	5.50077
2240	224	361.7	5.22513
2241	224.1	361.8	5.84188
2242	224.2	361.9	5.46334
2243	224.3	362	6.65598
2244	224.4	362.1	5.27833
2245	224.5	362.2	5.41801
2246	224.6	362.3	6.44549
2247	224.7	362.4	5.40101
2248	224.8	362.5	6.93639
2249	224.9	362.6	6.79277
2250	225	362.7	5.77445
2251	225.1	362.8	5.69123
2252	225.2	362.9	6.60268
2253	225.3	363	5.72433
2254	225.4	363.1	4.5981
2255	225.5	363.2	5.12625
2256	225.6	363.3	5.58732
2257	225.7	363.4	4.5123
2258	225.8	363.5	5.53922
2259	225.9	363.6	5.5567
2260	226	363.7	4.66176
2261	226.1	363.8	5.14319
2262	226.2	363.9	4.48665
2263	226.3	364	5.7698
2264	226.4	364.1	4.96169
2265	226.5	364.2	5.53607
2266	226.6	364.3	4.91523
2267	226.7	364.4	6.32629
2268	226.8	364.5	5.30217
2269	226.9	364.6	6.24229
2270	227	364.7	5.51555
2271	227.1	364.8	6.17583
2272	227.2	364.9	5.37474
2273	227.3	365	7.02303
2274	227.4	365.1	6.28833
2275	227.5	365.2	6.89247
2276	227.6	365.3	5.13867
2277	227.7	365.4	5.99557
2278	227.8	365.5	5.65669
2279	227.9	365.6	6.32378
2280	228	365.7	4.88972
2281	228.1	365.8	6.52256
2282	228.2	365.9	6.01269
2283	228.3	366	6.58406
2284	228.4	366.1	5.56292
2285	228.5	366.2	5.22262
2286	228.6	366.3	4.23189
2287	228.7	366.4	5.15726
2288	228.8	366.5	4.56027
2289	228.9	366.6	5.86809
2290	229	366.7	4.59512
2291	229.1	366.8	5.28467
2292	229.2	366.9	4.27421
2293	229.3	367	4.77128
2294	229.4	367.1	4.03334
2295	229.5	367.2	5.42093
2296	229.6	367.3	4.07938
2297	229.7	367.4	5.8791
2298	229.8	367.5	4.86651
2299	229.9	367.6	5.29468
2300	230	367.7	4.32317
2301	230.1	367.8	4.99385
2302	230.2	367.9	3.96404
2303	230.3	368	5.00236
2304	230.4	368.1	4.13848
2305	230.5	368.2	5.71873
2306	230.6	368.3	4.50722
2307	230.7	368.4	5.44012
2308	230.8	368.5	4.70092
2309	230.9	368.6	5.73228
2310	231	368.7	5.31426
2311	231.1	368.8	7.64933
2312	231.2	368.9	5.34749
2313	231.3	369	7.70162
2314	231.4	369.1	6.09966
2315	231.5	369.2	8.04466
2316	231.6	369.3	6.44424
2317	231.7	369.4	6.95851
2318	231.8	369.5	5.7849
2319	231.9	369.6	8.16797
2320	232	369.7	7.1342
2321	232.1	369.8	7.80257
2322	232.2	369.9	5.29077
2323	232.3	370	7.74432
2324	232.4	370.1	7.61608
2325	232.5	370.2	7.50288
2326	232.6	370.3	4.72281
2327	232.7	370.4	7.43577
2328	232.8	370.5	5.86261
2329	232.9	370.6	6.45035
2330	233	370.7	5.85802
2331	233.1	370.8	7.11672
2332	233.2	370.9	5.38664
2333	233.3	371	5.96029
2334	233.4	371.1	5.09661
2335	233.5	371.2	6.45591
2336	233.6	371.3	5.6028
2337	233.7	371.4	6.78423
2338	233.8	371.5	5.77968
2339	233.9	371.6	7.58178
2340	234	371.7	5.59094
2341	234.1	371.8	6.43341
2342	234.2	371.9	6.03551
2343	234.3	372	7.456
2344	234.4	372.1	5.37197
2345	234.5	372.2	6.21946
2346	234.6	372.3	5.29723
2347	234.7	372.4	6.2024
2348	234.8	372.5	5.15983
2349	234.9	372.6	5.08168
2350	235	372.7	6.73421
2351	235.1	372.8	6.17201
2352	235.2	372.9	4.86128
2353	235.3	373	5.9983
2354	235.4	373.1	6.43161
2355	235.5	373.2	6.12789
2356	235.6	373.3	5.49887
2357	235.7	373.4	5.57096
2358	235.8	373.5	4.21526
2359	235.9	373.6	5.66439
2360	236	373.7	5.94637
2361	236.1	373.8	5.11282
2362	236.2	373.9	4.39627
2363	236.3	374	4.86442
2364	236.4	374.1	4.76802
2365	236.5	374.2	4.82961
2366	236.6	374.3	4.11922
2367	236.7	374.4	4.51586
2368	236.8	374.5	5.00415
2369	236.9	374.6	4.1657
2370	237	374.7	5.94739
2371	237.1	374.8	5.91277
2372	237.2	374.9	4.05153
2373	237.3	375	5.53121
2374	237.4	375.1	4.73372
2375	237.5	375.2	6.27757
2376	237.6	375.3	4.68176
2377	237.7	375.4	5.82101
2378	237.8	375.5	4.43261
2379	237.9	375.6	6.13188
2380	238	375.7	4.90251
2381	238.1	375.8	5.66586
2382	238.2	375.9	4.84843
2383	238.3	376	5.17056
2384	238.4	376.1	5.58011
2385	238.5	376.2	5.28983
2386	238.6	376.3	4.02972
2387	238.7	376.4	4.72782
2388	238.8	376.5	3.6806
2389	238.9	376.6	4.81318
2390	239	376.7	3.85976
2391	239.1	376.8	4.93934
2392	239.2	376.9	3.66071
2393	239.3	377	3.49871
2394	239.4	377.1	4.57989
2395	239.5	377.2	4.25885
2396	239.6	377.3	4.41915
2397	239.7	377.4	4.48091
2398	239.8	377.5	3.86881
2399	239.9	377.6	4.8678
2400	240	377.7	3.93123
