4216
101 -66.4131
101.02 -66.4121
101.04 -66.4111
101.06 -66.4102
101.08 -66.4092
101.1 -66.4083
101.12 -66.4073
101.14 -66.4064
101.16 -66.4054
101.18 -66.4044
101.2 -66.4035
101.22 -66.4025
101.24 -66.4016
101.26 -66.4006
101.28 -66.3997
101.3 -66.3987
101.32 -66.3978
101.34 -66.3968
101.36 -66.3958
101.38 -66.3949
101.4 -66.3939
101.42 -66.393
101.44 -66.392
101.46 -66.3911
101.48 -66.3901
101.5 -66.3892
101.52 -66.3882
101.54 -66.3873
101.56 -66.3863
101.58 -66.3854
101.6 -66.3844
101.62 -66.3835
101.64 -66.3825
101.66 -66.3816
101.68 -66.3807
101.7 -66.3797
101.72 -66.3788
101.74 -66.3778
101.76 -66.3769
101.78 -66.3759
101.8 -66.375
101.82 -66.374
101.84 -66.3731
101.86 -66.3722
101.88 -66.3712
101.9 -66.3703
101.92 -66.3693
101.94 -66.3684
101.96 -66.3675
101.98 -66.3665
102 -66.3656
102.02 -66.3646
102.04 -66.3637
102.06 -66.3628
102.08 -66.3618
102.1 -66.3609
102.12 -66.36
102.14 -66.359
102.16 -66.3581
102.18 -66.3572
102.2 -66.3562
102.22 -66.3553
102.24 -66.3544
102.26 -66.3534
102.28 -66.3525
102.3 -66.3516
102.32 -66.3506
102.34 -66.3497
102.36 -66.3488
102.38 -66.3478
102.4 -66.3469
102.42 -66.346
102.44 -66.345
102.46 -66.3441
102.48 -66.3432
102.5 -66.3423
102.52 -66.3413
102.54 -66.3404
102.56 -66.3395
102.58 -66.3385
102.6 -66.3376
102.62 -66.3367
102.64 -66.3358
102.66 -66.3348
102.68 -66.3339
102.7 -66.333
102.72 -66.3321
102.74 -66.3312
102.76 -66.3302
102.78 -66.3293
102.8 -66.3284
102.82 -66.3275
102.84 -66.3266
102.86 -66.3256
102.88 -66.3247
102.9 -66.3238
102.92 -66.3229
102.94 -66.322
102.96 -66.321
102.98 -66.3201
103 -66.3192
103.02 -66.3183
103.04 -66.3174
103.06 -66.3165
103.08 -66.3155
103.1 -66.3146
103.12 -66.3137
103.14 -66.3128
103.16 -66.3119
103.18 -66.311
103.2 -66.3101
103.22 -66.3092
103.24 -66.3082
103.26 -66.3073
103.28 -66.3064
103.3 -66.3055
103.32 -66.3046
103.34 -66.3037
103.36 -66.3028
103.38 -66.3019
103.4 -66.301
103.42 -66.3001
103.44 -66.2992
103.46 -66.2982
103.48 -66.2973
103.5 -66.2964
103.52 -66.2955
103.54 -66.2946
103.56 -66.2937
103.58 -66.2928
103.6 -66.2919
103.62 -66.291
103.64 -66.2901
103.66 -66.2892
103.68 -66.2883
103.7 -66.2874
103.72 -66.2865
103.74 -66.2856
103.76 -66.2847
103.78 -66.2838
103.8 -66.2829
103.82 -66.282
103.84 -66.2811
103.86 -66.2802
103.88 -66.2793
103.9 -66.2784
103.92 -66.2775
103.94 -66.2766
103.96 -66.2757
103.98 -66.2748
104 -66.2739
104.02 -66.273
104.04 -66.2721
104.06 -66.2713
104.08 -66.2704
104.1 -66.2695
104.12 -66.2686
104.14 -66.2677
104.16 -66.2668
104.18 -66.2659
104.2 -66.265
104.22 -66.2641
104.24 -66.2632
104.26 -66.2623
104.28 -66.2615
104.3 -66.2606
104.32 -66.2597
104.34 -66.2588
104.36 -66.2579
104.38 -66.257
104.4 -66.2561
104.42 -66.2553
104.44 -66.2544
104.46 -66.2535
104.48 -66.2526
104.5 -66.2517
104.52 -66.2508
104.54 -66.25
104.56 -66.2491
104.58 -66.2482
104.6 -66.2473
104.62 -66.2464
104.64 -66.2455
104.66 -66.2447
104.68 -66.2438
104.7 -66.2429
104.72 -66.242
104.74 -66.2412
104.76 -66.2403
104.78 -66.2394
104.8 -66.2385
104.82 -66.2376
104.84 -66.2368
104.86 -66.2359
104.88 -66.235
104.9 -66.2341
104.92 -66.2333
104.94 -66.2324
104.96 -66.2315
104.98 -66.2307
105 -66.2298
105.02 -66.2289
105.04 -66.228
105.06 -66.2272
105.08 -66.2263
105.1 -66.2254
105.12 -66.2246
105.14 -66.2237
105.16 -66.2228
105.18 -66.2219
105.2 -66.2211
105.22 -66.2202
105.24 -66.2193
105.26 -66.2185
105.28 -66.2176
105.3 -66.2167
105.32 -66.2159
105.34 -66.215
105.36 -66.2142
105.38 -66.2133
105.4 -66.2124
105.42 -66.2116
105.44 -66.2107
105.46 -66.2098
105.48 -66.209
105.5 -66.2081
105.52 -66.2073
105.54 -66.2064
105.56 -66.2055
105.58 -66.2047
105.6 -66.2038
105.62 -66.203
105.64 -66.2021
105.66 -66.2012
105.68 -66.2004
105.7 -66.1995
105.72 -66.1987
105.74 -66.1978
105.76 -66.197
105.78 -66.1961
105.8 -66.1952
105.82 -66.1944
105.84 -66.1935
105.86 -66.1927
105.88 -66.1918
105.9 -66.191
105.92 -66.1901
105.94 -66.1893
105.96 -66.1884
105.98 -66.1876
106 -66.1867
106.02 -66.1859
106.04 -66.185
106.06 -66.1842
106.08 -66.1833
106.1 -66.1825
106.12 -66.1816
106.14 -66.1808
106.16 -66.1799
106.18 -66.1791
106.2 -66.1783
106.22 -66.1774
106.24 -66.1766
106.26 -66.1757
106.28 -66.1749
106.3 -66.174
106.32 -66.1732
106.34 -66.1723
106.36 -66.1715
106.38 -66.1707
106.4 -66.1698
106.42 -66.169
106.44 -66.1681
106.46 -66.1673
106.48 -66.1665
106.5 -66.1656
106.52 -66.1648
106.54 -66.1639
106.56 -66.1631
106.58 -66.1623
106.6 -66.1614
106.62 -66.1606
106.64 -66.1598
106.66 -66.1589
106.68 -66.1581
106.7 -66.1573
106.72 -66.1564
106.74 -66.1556
106.76 -66.1548
106.78 -66.1539
106.8 -66.1531
106.82 -66.1523
106.84 -66.1514
106.86 -66.1506
106.88 -66.1498
106.9 -66.1489
106.92 -66.1481
106.94 -66.1473
106.96 -66.1464
106.98 -66.1456
107 -66.1448
107.02 -66.144
107.04 -66.1431
107.06 -66.1423
107.08 -66.1415
107.1 -66.1407
107.12 -66.1398
107.14 -66.139
107.16 -66.1382
107.18 -66.1374
107.2 -66.1365
107.22 -66.1357
107.24 -66.1349
107.26 -66.1341
107.28 -66.1332
107.3 -66.1324
107.32 -66.1316
107.34 -66.1308
107.36 -66.13
107.38 -66.1291
107.4 -66.1283
107.42 -66.1275
107.44 -66.1267
107.46 -66.1259
107.48 -66.125
107.5 -66.1242
107.52 -66.1234
107.54 -66.1226
107.56 -66.1218
107.58 -66.121
107.6 -66.1201
107.62 -66.1193
107.64 -66.1185
107.66 -66.1177
107.68 -66.1169
107.7 -66.1161
107.72 -66.1153
107.74 -66.1145
107.76 -66.1136
107.78 -66.1128
107.8 -66.112
107.82 -66.1112
107.84 -66.1104
107.86 -66.1096
107.88 -66.1088
107.9 -66.108
107.92 -66.1072
107.94 -66.1064
107.96 -66.1056
107.98 -66.1047
108 -66.1039
108.02 -66.1031
108.04 -66.1023
108.06 -66.1015
108.08 -66.1007
108.1 -66.0999
108.12 -66.0991
108.14 -66.0983
108.16 -66.0975
108.18 -66.0967
108.2 -66.0959
108.22 -66.0951
108.24 -66.0943
108.26 -66.0935
108.28 -66.0927
108.3 -66.0919
108.32 -66.0911
108.34 -66.0903
108.36 -66.0895
108.38 -66.0887
108.4 -66.0879
108.42 -66.0871
108.44 -66.0863
108.46 -66.0855
108.48 -66.0847
108.5 -66.0839
108.52 -66.0831
108.54 -66.0823
108.56 -66.0815
108.58 -66.0808
108.6 -66.08
108.62 -66.0792
108.64 -66.0784
108.66 -66.0776
108.68 -66.0768
108.7 -66.076
108.72 -66.0752
108.74 -66.0744
108.76 -66.0736
108.78 -66.0728
108.8 -66.0721
108.82 -66.0713
108.84 -66.0705
108.86 -66.0697
108.88 -66.0689
108.9 -66.0681
108.92 -66.0673
108.94 -66.0666
108.96 -66.0658
108.98 -66.065
109 -66.0642
109.02 -66.0634
109.04 -66.0626
109.06 -66.0618
109.08 -66.0611
109.1 -66.0603
109.12 -66.0595
109.14 -66.0587
109.16 -66.0579
109.18 -66.0572
109.2 -66.0564
109.22 -66.0556
109.24 -66.0548
109.26 -66.054
109.28 -66.0533
109.3 -66.0525
109.32 -66.0517
109.34 -66.0509
109.36 -66.0502
109.38 -66.0494
109.4 -66.0486
109.42 -66.0478
109.44 -66.0471
109.46 -66.0463
109.48 -66.0455
109.5 -66.0447
109.52 -66.044
109.54 -66.0432
109.56 -66.0424
109.58 -66.0416
109.6 -66.0409
109.62 -66.0401
109.64 -66.0393
109.66 -66.0386
109.68 -66.0378
109.7 -66.037
109.72 -66.0363
109.74 -66.0355
109.76 -66.0347
109.78 -66.0339
109.8 -66.0332
109.82 -66.0324
109.84 -66.0317
109.86 -66.0309
109.88 -66.0301
109.9 -66.0294
109.92 -66.0286
109.94 -66.0278
109.96 -66.0271
109.98 -66.0263
110 -66.0255
110.02 -66.0248
110.04 -66.024
110.06 -66.0233
110.08 -66.0225
110.1 -66.0217
110.12 -66.021
110.14 -66.0202
110.16 -66.0195
110.18 -66.0187
110.2 -66.0179
110.22 -66.0172
110.24 -66.0164
110.26 -66.0157
110.28 -66.0149
110.3 -66.0142
110.32 -66.0134
110.34 -66.0126
110.36 -66.0119
110.38 -66.0111
110.4 -66.0104
110.42 -66.0096
110.44 -66.0089
110.46 -66.0081
110.48 -66.0074
110.5 -66.0066
110.52 -66.0059
110.54 -66.0051
110.56 -66.0044
110.58 -66.0036
110.6 -66.0029
110.62 -66.0021
110.64 -66.0014
110.66 -66.0006
110.68 -65.9999
110.7 -65.9991
110.72 -65.9984
110.74 -65.9976
110.76 -65.9969
110.78 -65.9961
110.8 -65.9954
110.82 -65.9946
110.84 -65.9939
110.86 -65.9932
110.88 -65.9924
110.9 -65.9917
110.92 -65.9909
110.94 -65.9902
110.96 -65.9894
110.98 -65.9887
111 -65.988
111.02 -65.9872
111.04 -65.9865
111.06 -65.9857
111.08 -65.985
111.1 -65.9843
111.12 -65.9835
111.14 -65.9828
111.16 -65.982
111.18 -65.9813
111.2 -65.9806
111.22 -65.9798
111.24 -65.9791
111.26 -65.9784
111.28 -65.9776
111.3 -65.9769
111.32 -65.9762
111.34 -65.9754
111.36 -65.9747
111.38 -65.974
111.4 -65.9732
111.42 -65.9725
111.44 -65.9718
111.46 -65.971
111.48 -65.9703
111.5 -65.9696
111.52 -65.9688
111.54 -65.9681
111.56 -65.9674
111.58 -65.9667
111.6 -65.9659
111.62 -65.9652
111.64 -65.9645
111.66 -65.9637
111.68 -65.963
111.7 -65.9623
111.72 -65.9616
111.74 -65.9608
111.76 -65.9601
111.78 -65.9594
111.8 -65.9587
111.82 -65.9579
111.84 -65.9572
111.86 -65.9565
111.88 -65.9558
111.9 -65.9551
111.92 -65.9543
111.94 -65.9536
111.96 -65.9529
111.98 -65.9522
112 -65.9514
112.02 -65.9507
112.04 -65.95
112.06 -65.9493
112.08 -65.9486
112.1 -65.9479
112.12 -65.9471
112.14 -65.9464
112.16 -65.9457
112.18 -65.945
112.2 -65.9443
112.22 -65.9436
112.24 -65.9428
112.26 -65.9421
112.28 -65.9414
112.3 -65.9407
112.32 -65.94
112.34 -65.9393
112.36 -65.9386
112.38 -65.9379
112.4 -65.9371
112.42 -65.9364
112.44 -65.9357
112.46 -65.935
112.48 -65.9343
112.5 -65.9336
112.52 -65.9329
112.54 -65.9322
112.56 -65.9315
112.58 -65.9308
112.6 -65.9301
112.62 -65.9293
112.64 -65.9286
112.66 -65.9279
112.68 -65.9272
112.7 -65.9265
112.72 -65.9258
112.74 -65.9251
112.76 -65.9244
112.78 -65.9237
112.8 -65.923
112.82 -65.9223
112.84 -65.9216
112.86 -65.9209
112.88 -65.9202
112.9 -65.9195
112.92 -65.9188
112.94 -65.9181
112.96 -65.9174
112.98 -65.9167
113 -65.916
113.02 -65.9153
113.04 -65.9146
113.06 -65.9139
113.08 -65.9132
113.1 -65.9125
113.12 -65.9118
113.14 -65.9111
113.16 -65.9104
113.18 -65.9097
113.2 -65.909
113.22 -65.9083
113.24 -65.9076
113.26 -65.907
113.28 -65.9063
113.3 -65.9056
113.32 -65.9049
113.34 -65.9042
113.36 -65.9035
113.38 -65.9028
113.4 -65.9021
113.42 -65.9014
113.44 -65.9007
113.46 -65.9
113.48 -65.8994
113.5 -65.8987
113.52 -65.898
113.54 -65.8973
113.56 -65.8966
113.58 -65.8959
113.6 -65.8952
113.62 -65.8945
113.64 -65.8939
113.66 -65.8932
113.68 -65.8925
113.7 -65.8918
113.72 -65.8911
113.74 -65.8904
113.76 -65.8898
113.78 -65.8891
113.8 -65.8884
113.82 -65.8877
113.84 -65.887
113.86 -65.8864
113.88 -65.8857
113.9 -65.885
113.92 -65.8843
113.94 -65.8836
113.96 -65.883
113.98 -65.8823
114 -65.8816
114.02 -65.8809
114.04 -65.8802
114.06 -65.8796
114.08 -65.8789
114.1 -65.8782
114.12 -65.8775
114.14 -65.8769
114.16 -65.8762
114.18 -65.8755
114.2 -65.8748
114.22 -65.8742
114.24 -65.8735
114.26 -65.8728
114.28 -65.8721
114.3 -65.8715
114.32 -65.8708
114.34 -65.8701
114.36 -65.8695
114.38 -65.8688
114.4 -65.8681
114.42 -65.8675
114.44 -65.8668
114.46 -65.8661
114.48 -65.8655
114.5 -65.8648
114.52 -65.8641
114.54 -65.8634
114.56 -65.8628
114.58 -65.8621
114.6 -65.8615
114.62 -65.8608
114.64 -65.8601
114.66 -65.8595
114.68 -65.8588
114.7 -65.8581
114.72 -65.8575
114.74 -65.8568
114.76 -65.8561
114.78 -65.8555
114.8 -65.8548
114.82 -65.8542
114.84 -65.8535
114.86 -65.8528
114.88 -65.8522
114.9 -65.8515
114.92 -65.8509
114.94 -65.8502
114.96 -65.8495
114.98 -65.8489
115 -65.8482
115.02 -65.8476
115.04 -65.8469
115.06 -65.8463
115.08 -65.8456
115.1 -65.8449
115.12 -65.8443
115.14 -65.8436
115.16 -65.843
115.18 -65.8423
115.2 -65.8417
115.22 -65.841
115.24 -65.8404
115.26 -65.8397
115.28 -65.8391
115.3 -65.8384
115.32 -65.8378
115.34 -65.8371
115.36 -65.8365
115.38 -65.8358
115.4 -65.8352
115.42 -65.8345
115.44 -65.8339
115.46 -65.8332
115.48 -65.8326
115.5 -65.8319
115.52 -65.8313
115.54 -65.8306
115.56 -65.83
115.58 -65.8293
115.6 -65.8287
115.62 -65.8281
115.64 -65.8274
115.66 -65.8268
115.68 -65.8261
115.7 -65.8255
115.72 -65.8248
115.74 -65.8242
115.76 -65.8235
115.78 -65.8229
115.8 -65.8223
115.82 -65.8216
115.84 -65.821
115.86 -65.8203
115.88 -65.8197
115.9 -65.8191
115.92 -65.8184
115.94 -65.8178
115.96 -65.8172
115.98 -65.8165
116 -65.8159
116.02 -65.8152
116.04 -65.8146
116.06 -65.814
116.08 -65.8133
116.1 -65.8127
116.12 -65.8121
116.14 -65.8114
116.16 -65.8108
116.18 -65.8102
116.2 -65.8095
116.22 -65.8089
116.24 -65.8083
116.26 -65.8076
116.28 -65.807
116.3 -65.8064
116.32 -65.8057
116.34 -65.8051
116.36 -65.8045
116.38 -65.8039
116.4 -65.8032
116.42 -65.8026
116.44 -65.802
116.46 -65.8013
116.48 -65.8007
116.5 -65.8001
116.52 -65.7995
116.54 -65.7988
116.56 -65.7982
116.58 -65.7976
116.6 -65.797
116.62 -65.7963
116.64 -65.7957
116.66 -65.7951
116.68 -65.7945
116.7 -65.7938
116.72 -65.7932
116.74 -65.7926
116.76 -65.792
116.78 -65.7913
116.8 -65.7907
116.82 -65.7901
116.84 -65.7895
116.86 -65.7889
116.88 -65.7882
116.9 -65.7876
116.92 -65.787
116.94 -65.7864
116.96 -65.7858
116.98 -65.7852
117 -65.7845
117.02 -65.7839
117.04 -65.7833
117.06 -65.7827
117.08 -65.7821
117.1 -65.7815
117.12 -65.7808
117.14 -65.7802
117.16 -65.7796
117.18 -65.779
117.2 -65.7784
117.22 -65.7778
117.24 -65.7772
117.26 -65.7765
117.28 -65.7759
117.3 -65.7753
117.32 -65.7747
117.34 -65.7741
117.36 -65.7735
117.38 -65.7729
117.4 -65.7723
117.42 -65.7717
117.44 -65.7711
117.46 -65.7705
117.48 -65.7698
117.5 -65.7692
117.52 -65.7686
117.54 -65.768
117.56 -65.7674
117.58 -65.7668
117.6 -65.7662
117.62 -65.7656
117.64 -65.765
117.66 -65.7644
117.68 -65.7638
117.7 -65.7632
117.72 -65.7626
117.74 -65.762
117.76 -65.7614
117.78 -65.7608
117.8 -65.7602
117.82 -65.7596
117.84 -65.759
117.86 -65.7584
117.88 -65.7578
117.9 -65.7572
117.92 -65.7566
117.94 -65.756
117.96 -65.7554
117.98 -65.7548
118 -65.7542
118.02 -65.7536
118.04 -65.753
118.06 -65.7524
118.08 -65.7518
118.1 -65.7512
118.12 -65.7506
118.14 -65.75
118.16 -65.7494
118.18 -65.7488
118.2 -65.7482
118.22 -65.7476
118.24 -65.747
118.26 -65.7465
118.28 -65.7459
118.3 -65.7453
118.32 -65.7447
118.34 -65.7441
118.36 -65.7435
118.38 -65.7429
118.4 -65.7423
118.42 -65.7417
118.44 -65.7411
118.46 -65.7406
118.48 -65.74
118.5 -65.7394
118.52 -65.7388
118.54 -65.7382
118.56 -65.7376
118.58 -65.737
118.6 -65.7364
118.62 -65.7359
118.64 -65.7353
118.66 -65.7347
118.68 -65.7341
118.7 -65.7335
118.72 -65.7329
118.74 -65.7324
118.76 -65.7318
118.78 -65.7312
118.8 -65.7306
118.82 -65.73
118.84 -65.7294
118.86 -65.7289
118.88 -65.7283
118.9 -65.7277
118.92 -65.7271
118.94 -65.7265
118.96 -65.726
118.98 -65.7254
119 -65.7248
119.02 -65.7242
119.04 -65.7237
119.06 -65.7231
119.08 -65.7225
119.1 -65.7219
119.12 -65.7213
119.14 -65.7208
119.16 -65.7202
119.18 -65.7196
119.2 -65.719
119.22 -65.7185
119.24 -65.7179
119.26 -65.7173
119.28 -65.7168
119.3 -65.7162
119.32 -65.7156
119.34 -65.715
119.36 -65.7145
119.38 -65.7139
119.4 -65.7133
119.42 -65.7128
119.44 -65.7122
119.46 -65.7116
119.48 -65.711
119.5 -65.7105
119.52 -65.7099
119.54 -65.7093
119.56 -65.7088
119.58 -65.7082
119.6 -65.7076
119.62 -65.7071
119.64 -65.7065
119.66 -65.7059
119.68 -65.7054
119.7 -65.7048
119.72 -65.7043
119.74 -65.7037
119.76 -65.7031
119.78 -65.7026
119.8 -65.702
119.82 -65.7014
119.84 -65.7009
119.86 -65.7003
119.88 -65.6998
119.9 -65.6992
119.92 -65.6986
119.94 -65.6981
119.96 -65.6975
119.98 -65.697
120 -65.6964
120.02 -65.6958
120.04 -65.6953
120.06 -65.6947
120.08 -65.6942
120.1 -65.6936
120.12 -65.693
120.14 -65.6925
120.16 -65.6919
120.18 -65.6914
120.2 -65.6908
120.22 -65.6903
120.24 -65.6897
120.26 -65.6892
120.28 -65.6886
120.3 -65.6881
120.32 -65.6875
120.34 -65.6869
120.36 -65.6864
120.38 -65.6858
120.4 -65.6853
120.42 -65.6847
120.44 -65.6842
120.46 -65.6836
120.48 -65.6831
120.5 -65.6825
120.52 -65.682
120.54 -65.6814
120.56 -65.6809
120.58 -65.6803
120.6 -65.6798
120.62 -65.6792
120.64 -65.6787
120.66 -65.6782
120.68 -65.6776
120.7 -65.6771
120.72 -65.6765
120.74 -65.676
120.76 -65.6754
120.78 -65.6749
120.8 -65.6743
120.82 -65.6738
120.84 -65.6732
120.86 -65.6727
120.88 -65.6722
120.9 -65.6716
120.92 -65.6711
120.94 -65.6705
120.96 -65.67
120.98 -65.6695
121 -65.6689
121.02 -65.6684
121.04 -65.6678
121.06 -65.6673
121.08 -65.6668
121.1 -65.6662
121.12 -65.6657
121.14 -65.6651
121.16 -65.6646
121.18 -65.6641
121.2 -65.6635
121.22 -65.663
121.24 -65.6625
121.26 -65.6619
121.28 -65.6614
121.3 -65.6609
121.32 -65.6603
121.34 -65.6598
121.36 -65.6593
121.38 -65.6587
121.4 -65.6582
121.42 -65.6577
121.44 -65.6571
121.46 -65.6566
121.48 -65.6561
121.5 -65.6555
121.52 -65.655
121.54 -65.6545
121.56 -65.6539
121.58 -65.6534
121.6 -65.6529
121.62 -65.6523
121.64 -65.6518
121.66 -65.6513
121.68 -65.6508
121.7 -65.6502
121.72 -65.6497
121.74 -65.6492
121.76 -65.6487
121.78 -65.6481
121.8 -65.6476
121.82 -65.6471
121.84 -65.6466
121.86 -65.646
121.88 -65.6455
121.9 -65.645
121.92 -65.6445
121.94 -65.6439
121.96 -65.6434
121.98 -65.6429
122 -65.6424
122.02 -65.6418
122.04 -65.6413
122.06 -65.6408
122.08 -65.6403
122.1 -65.6398
122.12 -65.6392
122.14 -65.6387
122.16 -65.6382
122.18 -65.6377
122.2 -65.6372
122.22 -65.6366
122.24 -65.6361
122.26 -65.6356
122.28 -65.6351
122.3 -65.6346
122.32 -65.6341
122.34 -65.6335
122.36 -65.633
122.38 -65.6325
122.4 -65.632
122.42 -65.6315
122.44 -65.631
122.46 -65.6305
122.48 -65.6299
122.5 -65.6294
122.52 -65.6289
122.54 -65.6284
122.56 -65.6279
122.58 -65.6274
122.6 -65.6269
122.62 -65.6264
122.64 -65.6259
122.66 -65.6253
122.68 -65.6248
122.7 -65.6243
122.72 -65.6238
122.74 -65.6233
122.76 -65.6228
122.78 -65.6223
122.8 -65.6218
122.82 -65.6213
122.84 -65.6208
122.86 -65.6203
122.88 -65.6198
122.9 -65.6192
122.92 -65.6187
122.94 -65.6182
122.96 -65.6177
122.98 -65.6172
123 -65.6167
123.02 -65.6162
123.04 -65.6157
123.06 -65.6152
123.08 -65.6147
123.1 -65.6142
123.12 -65.6137
123.14 -65.6132
123.16 -65.6127
123.18 -65.6122
123.2 -65.6117
123.22 -65.6112
123.24 -65.6107
123.26 -65.6102
123.28 -65.6097
123.3 -65.6092
123.32 -65.6087
123.34 -65.6082
123.36 -65.6077
123.38 -65.6072
123.4 -65.6067
123.42 -65.6062
123.44 -65.6057
123.46 -65.6052
123.48 -65.6047
123.5 -65.6042
123.52 -65.6037
123.54 -65.6032
123.56 -65.6028
123.58 -65.6023
123.6 -65.6018
123.62 -65.6013
123.64 -65.6008
123.66 -65.6003
123.68 -65.5998
123.7 -65.5993
123.72 -65.5988
123.74 -65.5983
123.76 -65.5978
123.78 -65.5973
123.8 -65.5969
123.82 -65.5964
123.84 -65.5959
123.86 -65.5954
123.88 -65.5949
123.9 -65.5944
123.92 -65.5939
123.94 -65.5934
123.96 -65.5929
123.98 -65.5925
124 -65.592
124.02 -65.5915
124.04 -65.591
124.06 -65.5905
124.08 -65.59
124.1 -65.5895
124.12 -65.5891
124.14 -65.5886
124.16 -65.5881
124.18 -65.5876
124.2 -65.5871
124.22 -65.5866
124.24 -65.5862
124.26 -65.5857
124.28 -65.5852
124.3 -65.5847
124.32 -65.5842
124.34 -65.5838
124.36 -65.5833
124.38 -65.5828
124.4 -65.5823
124.42 -65.5818
124.44 -65.5814
124.46 -65.5809
124.48 -65.5804
124.5 -65.5799
124.52 -65.5794
124.54 -65.579
124.56 -65.5785
124.58 -65.578
124.6 -65.5775
124.62 -65.5771
124.64 -65.5766
124.66 -65.5761
124.68 -65.5756
124.7 -65.5752
124.72 -65.5747
124.74 -65.5742
124.76 -65.5737
124.78 -65.5733
124.8 -65.5728
124.82 -65.5723
124.84 -65.5719
124.86 -65.5714
124.88 -65.5709
124.9 -65.5704
124.92 -65.57
124.94 -65.5695
124.96 -65.569
124.98 -65.5686
125 -65.5681
125.02 -65.5676
125.04 -65.5672
125.06 -65.5667
125.08 -65.5662
125.1 -65.5658
125.12 -65.5653
125.14 -65.5648
125.16 -65.5644
125.18 -65.5639
125.2 -65.5634
125.22 -65.563
125.24 -65.5625
125.26 -65.562
125.28 -65.5616
125.3 -65.5611
125.32 -65.5606
125.34 -65.5602
125.36 -65.5597
125.38 -65.5592
125.4 -65.5588
125.42 -65.5583
125.44 -65.5579
125.46 -65.5574
125.48 -65.5569
125.5 -65.5565
125.52 -65.556
125.54 -65.5556
125.56 -65.5551
125.58 -65.5546
125.6 -65.5542
125.62 -65.5537
125.64 -65.5533
125.66 -65.5528
125.68 -65.5523
125.7 -65.5519
125.72 -65.5514
125.74 -65.551
125.76 -65.5505
125.78 -65.5501
125.8 -65.5496
125.82 -65.5491
125.84 -65.5487
125.86 -65.5482
125.88 -65.5478
125.9 -65.5473
125.92 -65.5469
125.94 -65.5464
125.96 -65.546
125.98 -65.5455
126 -65.5451
126.02 -65.5446
126.04 -65.5442
126.06 -65.5437
126.08 -65.5433
126.1 -65.5428
126.12 -65.5424
126.14 -65.5419
126.16 -65.5415
126.18 -65.541
126.2 -65.5406
126.22 -65.5401
126.24 -65.5397
126.26 -65.5392
126.28 -65.5388
126.3 -65.5383
126.32 -65.5379
126.34 -65.5374
126.36 -65.537
126.38 -65.5365
126.4 -65.5361
126.42 -65.5356
126.44 -65.5352
126.46 -65.5348
126.48 -65.5343
126.5 -65.5339
126.52 -65.5334
126.54 -65.533
126.56 -65.5325
126.58 -65.5321
126.6 -65.5317
126.62 -65.5312
126.64 -65.5308
126.66 -65.5303
126.68 -65.5299
126.7 -65.5294
126.72 -65.529
126.74 -65.5286
126.76 -65.5281
126.78 -65.5277
126.8 -65.5272
126.82 -65.5268
126.84 -65.5264
126.86 -65.5259
126.88 -65.5255
126.9 -65.5251
126.92 -65.5246
126.94 -65.5242
126.96 -65.5237
126.98 -65.5233
127 -65.5229
127.02 -65.5224
127.04 -65.522
127.06 -65.5216
127.08 -65.5211
127.1 -65.5207
127.12 -65.5203
127.14 -65.5198
127.16 -65.5194
127.18 -65.519
127.2 -65.5185
127.22 -65.5181
127.24 -65.5177
127.26 -65.5172
127.28 -65.5168
127.3 -65.5164
127.32 -65.5159
127.34 -65.5155
127.36 -65.5151
127.38 -65.5147
127.4 -65.5142
127.42 -65.5138
127.44 -65.5134
127.46 -65.5129
127.48 -65.5125
127.5 -65.5121
127.52 -65.5117
127.54 -65.5112
127.56 -65.5108
127.58 -65.5104
127.6 -65.51
127.62 -65.5095
127.64 -65.5091
127.66 -65.5087
127.68 -65.5083
127.7 -65.5078
127.72 -65.5074
127.74 -65.507
127.76 -65.5066
127.78 -65.5061
127.8 -65.5057
127.82 -65.5053
127.84 -65.5049
127.86 -65.5044
127.88 -65.504
127.9 -65.5036
127.92 -65.5032
127.94 -65.5028
127.96 -65.5023
127.98 -65.5019
128 -65.5015
128.02 -65.5011
128.04 -65.5007
128.06 -65.5002
128.08 -65.4998
128.1 -65.4994
128.12 -65.499
128.14 -65.4986
128.16 -65.4982
128.18 -65.4977
128.2 -65.4973
128.22 -65.4969
128.24 -65.4965
128.26 -65.4961
128.28 -65.4957
128.3 -65.4952
128.32 -65.4948
128.34 -65.4944
128.36 -65.494
128.38 -65.4936
128.4 -65.4932
128.42 -65.4928
128.44 -65.4923
128.46 -65.4919
128.48 -65.4915
128.5 -65.4911
128.52 -65.4907
128.54 -65.4903
128.56 -65.4899
128.58 -65.4895
128.6 -65.4891
128.62 -65.4886
128.64 -65.4882
128.66 -65.4878
128.68 -65.4874
128.7 -65.487
128.72 -65.4866
128.74 -65.4862
128.76 -65.4858
128.78 -65.4854
128.8 -65.485
128.82 -65.4846
128.84 -65.4842
128.86 -65.4838
128.88 -65.4833
128.9 -65.4829
128.92 -65.4825
128.94 -65.4821
128.96 -65.4817
128.98 -65.4813
129 -65.4809
129.02 -65.4805
129.04 -65.4801
129.06 -65.4797
129.08 -65.4793
129.1 -65.4789
129.12 -65.4785
129.14 -65.4781
129.16 -65.4777
129.18 -65.4773
129.2 -65.4769
129.22 -65.4765
129.24 -65.4761
129.26 -65.4757
129.28 -65.4753
129.3 -65.4749
129.32 -65.4745
129.34 -65.4741
129.36 -65.4737
129.38 -65.4733
129.4 -65.4729
129.42 -65.4725
129.44 -65.4721
129.46 -65.4717
129.48 -65.4713
129.5 -65.4709
129.52 -65.4705
129.54 -65.4701
129.56 -65.4697
129.58 -65.4693
129.6 -65.469
129.62 -65.4686
129.64 -65.4682
129.66 -65.4678
129.68 -65.4674
129.7 -65.467
129.72 -65.4666
129.74 -65.4662
129.76 -65.4658
129.78 -65.4654
129.8 -65.465
129.82 -65.4646
129.84 -65.4642
129.86 -65.4638
129.88 -65.4635
129.9 -65.4631
129.92 -65.4627
129.94 -65.4623
129.96 -65.4619
129.98 -65.4615
130 -65.4611
130.02 -65.4607
130.04 -65.4603
130.06 -65.46
130.08 -65.4596
130.1 -65.4592
130.12 -65.4588
130.14 -65.4584
130.16 -65.458
130.18 -65.4576
130.2 -65.4573
130.22 -65.4569
130.24 -65.4565
130.26 -65.4561
130.28 -65.4557
130.3 -65.4553
130.32 -65.455
130.34 -65.4546
130.36 -65.4542
130.38 -65.4538
130.4 -65.4534
130.42 -65.453
130.44 -65.4527
130.46 -65.4523
130.48 -65.4519
130.5 -65.4515
130.52 -65.4511
130.54 -65.4508
130.56 -65.4504
130.58 -65.45
130.6 -65.4496
130.62 -65.4492
130.64 -65.4489
130.66 -65.4485
130.68 -65.4481
130.7 -65.4477
130.72 -65.4473
130.74 -65.447
130.76 -65.4466
130.78 -65.4462
130.8 -65.4458
130.82 -65.4455
130.84 -65.4451
130.86 -65.4447
130.88 -65.4443
130.9 -65.444
130.92 -65.4436
130.94 -65.4432
130.96 -65.4428
130.98 -65.4425
131 -65.4421
131.02 -65.4417
131.04 -65.4413
131.06 -65.441
131.08 -65.4406
131.1 -65.4402
131.12 -65.4399
131.14 -65.4395
131.16 -65.4391
131.18 -65.4387
131.2 -65.4384
131.22 -65.438
131.24 -65.4376
131.26 -65.4373
131.28 -65.4369
131.3 -65.4365
131.32 -65.4362
131.34 -65.4358
131.36 -65.4354
131.38 -65.435
131.4 -65.4347
131.42 -65.4343
131.44 -65.4339
131.46 -65.4336
131.48 -65.4332
131.5 -65.4328
131.52 -65.4325
131.54 -65.4321
131.56 -65.4318
131.58 -65.4314
131.6 -65.431
131.62 -65.4307
131.64 -65.4303
131.66 -65.4299
131.68 -65.4296
131.7 -65.4292
131.72 -65.4288
131.74 -65.4285
131.76 -65.4281
131.78 -65.4278
131.8 -65.4274
131.82 -65.427
131.84 -65.4267
131.86 -65.4263
131.88 -65.4259
131.9 -65.4256
131.92 -65.4252
131.94 -65.4249
131.96 -65.4245
131.98 -65.4241
132 -65.4238
132.02 -65.4234
132.04 -65.4231
132.06 -65.4227
132.08 -65.4224
132.1 -65.422
132.12 -65.4216
132.14 -65.4213
132.16 -65.4209
132.18 -65.4206
132.2 -65.4202
132.22 -65.4199
132.24 -65.4195
132.26 -65.4192
132.28 -65.4188
132.3 -65.4184
132.32 -65.4181
132.34 -65.4177
132.36 -65.4174
132.38 -65.417
132.4 -65.4167
132.42 -65.4163
132.44 -65.416
132.46 -65.4156
132.48 -65.4153
132.5 -65.4149
132.52 -65.4146
132.54 -65.4142
132.56 -65.4139
132.58 -65.4135
132.6 -65.4132
132.62 -65.4128
132.64 -65.4125
132.66 -65.4121
132.68 -65.4118
132.7 -65.4114
132.72 -65.4111
132.74 -65.4107
132.76 -65.4104
132.78 -65.41
132.8 -65.4097
132.82 -65.4093
132.84 -65.409
132.86 -65.4086
132.88 -65.4083
132.9 -65.4079
132.92 -65.4076
132.94 -65.4073
132.96 -65.4069
132.98 -65.4066
133 -65.4062
133.02 -65.4059
133.04 -65.4055
133.06 -65.4052
133.08 -65.4048
133.1 -65.4045
133.12 -65.4042
133.14 -65.4038
133.16 -65.4035
133.18 -65.4031
133.2 -65.4028
133.22 -65.4024
133.24 -65.4021
133.26 -65.4018
133.28 -65.4014
133.3 -65.4011
133.32 -65.4007
133.34 -65.4004
133.36 -65.4001
133.38 -65.3997
133.4 -65.3994
133.42 -65.399
133.44 -65.3987
133.46 -65.3984
133.48 -65.398
133.5 -65.3977
133.52 -65.3974
133.54 -65.397
133.56 -65.3967
133.58 -65.3963
133.6 -65.396
133.62 -65.3957
133.64 -65.3953
133.66 -65.395
133.68 -65.3947
133.7 -65.3943
133.72 -65.394
133.74 -65.3937
133.76 -65.3933
133.78 -65.393
133.8 -65.3927
133.82 -65.3923
133.84 -65.392
133.86 -65.3917
133.88 -65.3913
133.9 -65.391
133.92 -65.3907
133.94 -65.3903
133.96 -65.39
133.98 -65.3897
134 -65.3893
134.02 -65.389
134.04 -65.3887
134.06 -65.3884
134.08 -65.388
134.1 -65.3877
134.12 -65.3874
134.14 -65.387
134.16 -65.3867
134.18 -65.3864
134.2 -65.3861
134.22 -65.3857
134.24 -65.3854
134.26 -65.3851
134.28 -65.3848
134.3 -65.3844
134.32 -65.3841
134.34 -65.3838
134.36 -65.3834
134.38 -65.3831
134.4 -65.3828
134.42 -65.3825
134.44 -65.3821
134.46 -65.3818
134.48 -65.3815
134.5 -65.3812
134.52 -65.3809
134.54 -65.3805
134.56 -65.3802
134.58 -65.3799
134.6 -65.3796
134.62 -65.3792
134.64 -65.3789
134.66 -65.3786
134.68 -65.3783
134.7 -65.378
134.72 -65.3776
134.74 -65.3773
134.76 -65.377
134.78 -65.3767
134.8 -65.3763
134.82 -65.376
134.84 -65.3757
134.86 -65.3754
134.88 -65.3751
134.9 -65.3748
134.92 -65.3744
134.94 -65.3741
134.96 -65.3738
134.98 -65.3735
135 -65.3732
135.02 -65.3729
135.04 -65.3725
135.06 -65.3722
135.08 -65.3719
135.1 -65.3716
135.12 -65.3713
135.14 -65.371
135.16 -65.3706
135.18 -65.3703
135.2 -65.37
135.22 -65.3697
135.24 -65.3694
135.26 -65.3691
135.28 -65.3688
135.3 -65.3684
135.32 -65.3681
135.34 -65.3678
135.36 -65.3675
135.38 -65.3672
135.4 -65.3669
135.42 -65.3666
135.44 -65.3663
135.46 -65.3659
135.48 -65.3656
135.5 -65.3653
135.52 -65.365
135.54 -65.3647
135.56 -65.3644
135.58 -65.3641
135.6 -65.3638
135.62 -65.3635
135.64 -65.3632
135.66 -65.3629
135.68 -65.3625
135.7 -65.3622
135.72 -65.3619
135.74 -65.3616
135.76 -65.3613
135.78 -65.361
135.8 -65.3607
135.82 -65.3604
135.84 -65.3601
135.86 -65.3598
135.88 -65.3595
135.9 -65.3592
135.92 -65.3589
135.94 -65.3586
135.96 -65.3583
135.98 -65.358
136 -65.3577
136.02 -65.3573
136.04 -65.357
136.06 -65.3567
136.08 -65.3564
136.1 -65.3561
136.12 -65.3558
136.14 -65.3555
136.16 -65.3552
136.18 -65.3549
136.2 -65.3546
136.22 -65.3543
136.24 -65.354
136.26 -65.3537
136.28 -65.3534
136.3 -65.3531
136.32 -65.3528
136.34 -65.3525
136.36 -65.3522
136.38 -65.3519
136.4 -65.3516
136.42 -65.3513
136.44 -65.351
136.46 -65.3507
136.48 -65.3504
136.5 -65.3501
136.52 -65.3498
136.54 -65.3495
136.56 -65.3492
136.58 -65.349
136.6 -65.3487
136.62 -65.3484
136.64 -65.3481
136.66 -65.3478
136.68 -65.3475
136.7 -65.3472
136.72 -65.3469
136.74 -65.3466
136.76 -65.3463
136.78 -65.346
136.8 -65.3457
136.82 -65.3454
136.84 -65.3451
136.86 -65.3448
136.88 -65.3445
136.9 -65.3442
136.92 -65.344
136.94 -65.3437
136.96 -65.3434
136.98 -65.3431
137 -65.3428
137.02 -65.3425
137.04 -65.3422
137.06 -65.3419
137.08 -65.3416
137.1 -65.3413
137.12 -65.341
137.14 -65.3408
137.16 -65.3405
137.18 -65.3402
137.2 -65.3399
137.22 -65.3396
137.24 -65.3393
137.26 -65.339
137.28 -65.3387
137.3 -65.3385
137.32 -65.3382
137.34 -65.3379
137.36 -65.3376
137.38 -65.3373
137.4 -65.337
137.42 -65.3367
137.44 -65.3364
137.46 -65.3362
137.48 -65.3359
137.5 -65.3356
137.52 -65.3353
137.54 -65.335
137.56 -65.3347
137.58 -65.3345
137.6 -65.3342
137.62 -65.3339
137.64 -65.3336
137.66 -65.3333
137.68 -65.333
137.7 -65.3328
137.72 -65.3325
137.74 -65.3322
137.76 -65.3319
137.78 -65.3316
137.8 -65.3314
137.82 -65.3311
137.84 -65.3308
137.86 -65.3305
137.88 -65.3302
137.9 -65.3299
137.92 -65.3297
137.94 -65.3294
137.96 -65.3291
137.98 -65.3288
138 -65.3286
138.02 -65.3283
138.04 -65.328
138.06 -65.3277
138.08 -65.3274
138.1 -65.3272
138.12 -65.3269
138.14 -65.3266
138.16 -65.3263
138.18 -65.3261
138.2 -65.3258
138.22 -65.3255
138.24 -65.3252
138.26 -65.325
138.28 -65.3247
138.3 -65.3244
138.32 -65.3241
138.34 -65.3239
138.36 -65.3236
138.38 -65.3233
138.4 -65.323
138.42 -65.3228
138.44 -65.3225
138.46 -65.3222
138.48 -65.3219
138.5 -65.3217
138.52 -65.3214
138.54 -65.3211
138.56 -65.3209
138.58 -65.3206
138.6 -65.3203
138.62 -65.32
138.64 -65.3198
138.66 -65.3195
138.68 -65.3192
138.7 -65.319
138.72 -65.3187
138.74 -65.3184
138.76 -65.3181
138.78 -65.3179
138.8 -65.3176
138.82 -65.3173
138.84 -65.3171
138.86 -65.3168
138.88 -65.3165
138.9 -65.3163
138.92 -65.316
138.94 -65.3157
138.96 -65.3155
138.98 -65.3152
139 -65.3149
139.02 -65.3147
139.04 -65.3144
139.06 -65.3141
139.08 -65.3139
139.1 -65.3136
139.12 -65.3133
139.14 -65.3131
139.16 -65.3128
139.18 -65.3125
139.2 -65.3123
139.22 -65.312
139.24 -65.3118
139.26 -65.3115
139.28 -65.3112
139.3 -65.311
139.32 -65.3107
139.34 -65.3104
139.36 -65.3102
139.38 -65.3099
139.4 -65.3097
139.42 -65.3094
139.44 -65.3091
139.46 -65.3089
139.48 -65.3086
139.5 -65.3083
139.52 -65.3081
139.54 -65.3078
139.56 -65.3076
139.58 -65.3073
139.6 -65.307
139.62 -65.3068
139.64 -65.3065
139.66 -65.3063
139.68 -65.306
139.7 -65.3058
139.72 -65.3055
139.74 -65.3052
139.76 -65.305
139.78 -65.3047
139.8 -65.3045
139.82 -65.3042
139.84 -65.304
139.86 -65.3037
139.88 -65.3034
139.9 -65.3032
139.92 -65.3029
139.94 -65.3027
139.96 -65.3024
139.98 -65.3022
140 -65.3019
140.02 -65.3017
140.04 -65.3014
140.06 -65.3011
140.08 -65.3009
140.1 -65.3006
140.12 -65.3004
140.14 -65.3001
140.16 -65.2999
140.18 -65.2996
140.2 -65.2994
140.22 -65.2991
140.24 -65.2989
140.26 -65.2986
140.28 -65.2984
140.3 -65.2981
140.32 -65.2979
140.34 -65.2976
140.36 -65.2974
140.38 -65.2971
140.4 -65.2969
140.42 -65.2966
140.44 -65.2964
140.46 -65.2961
140.48 -65.2959
140.5 -65.2956
140.52 -65.2954
140.54 -65.2951
140.56 -65.2949
140.58 -65.2946
140.6 -65.2944
140.62 -65.2941
140.64 -65.2939
140.66 -65.2936
140.68 -65.2934
140.7 -65.2931
140.72 -65.2929
140.74 -65.2926
140.76 -65.2924
140.78 -65.2921
140.8 -65.2919
140.82 -65.2917
140.84 -65.2914
140.86 -65.2912
140.88 -65.2909
140.9 -65.2907
140.92 -65.2904
140.94 -65.2902
140.96 -65.2899
140.98 -65.2897
141 -65.2895
141.02 -65.2892
141.04 -65.289
141.06 -65.2887
141.08 -65.2885
141.1 -65.2882
141.12 -65.288
141.14 -65.2878
141.16 -65.2875
141.18 -65.2873
141.2 -65.287
141.22 -65.2868
141.24 -65.2866
141.26 -65.2863
141.28 -65.2861
141.3 -65.2858
141.32 -65.2856
141.34 -65.2854
141.36 -65.2851
141.38 -65.2849
141.4 -65.2846
141.42 -65.2844
141.44 -65.2842
141.46 -65.2839
141.48 -65.2837
141.5 -65.2834
141.52 -65.2832
141.54 -65.283
141.56 -65.2827
141.58 -65.2825
141.6 -65.2823
141.62 -65.282
141.64 -65.2818
141.66 -65.2816
141.68 -65.2813
141.7 -65.2811
141.72 -65.2808
141.74 -65.2806
141.76 -65.2804
141.78 -65.2801
141.8 -65.2799
141.82 -65.2797
141.84 -65.2794
141.86 -65.2792
141.88 -65.279
141.9 -65.2787
141.92 -65.2785
141.94 -65.2783
141.96 -65.278
141.98 -65.2778
142 -65.2776
142.02 -65.2773
142.04 -65.2771
142.06 -65.2769
142.08 -65.2766
142.1 -65.2764
142.12 -65.2762
142.14 -65.276
142.16 -65.2757
142.18 -65.2755
142.2 -65.2753
142.22 -65.275
142.24 -65.2748
142.26 -65.2746
142.28 -65.2743
142.3 -65.2741
142.32 -65.2739
142.34 -65.2737
142.36 -65.2734
142.38 -65.2732
142.4 -65.273
142.42 -65.2727
142.44 -65.2725
142.46 -65.2723
142.48 -65.2721
142.5 -65.2718
142.52 -65.2716
142.54 -65.2714
142.56 -65.2712
142.58 -65.2709
142.6 -65.2707
142.62 -65.2705
142.64 -65.2703
142.66 -65.27
142.68 -65.2698
142.7 -65.2696
142.72 -65.2694
142.74 -65.2691
142.76 -65.2689
142.78 -65.2687
142.8 -65.2685
142.82 -65.2682
142.84 -65.268
142.86 -65.2678
142.88 -65.2676
142.9 -65.2673
142.92 -65.2671
142.94 -65.2669
142.96 -65.2667
142.98 -65.2665
143 -65.2662
143.02 -65.266
143.04 -65.2658
143.06 -65.2656
143.08 -65.2653
143.1 -65.2651
143.12 -65.2649
143.14 -65.2647
143.16 -65.2645
143.18 -65.2642
143.2 -65.264
143.22 -65.2638
143.24 -65.2636
143.26 -65.2634
143.28 -65.2631
143.3 -65.2629
143.32 -65.2627
143.34 -65.2625
143.36 -65.2623
143.38 -65.2621
143.4 -65.2618
143.42 -65.2616
143.44 -65.2614
143.46 -65.2612
143.48 -65.261
143.5 -65.2608
143.52 -65.2605
143.54 -65.2603
143.56 -65.2601
143.58 -65.2599
143.6 -65.2597
143.62 -65.2595
143.64 -65.2592
143.66 -65.259
143.68 -65.2588
143.7 -65.2586
143.72 -65.2584
143.74 -65.2582
143.76 -65.258
143.78 -65.2578
143.8 -65.2575
143.82 -65.2573
143.84 -65.2571
143.86 -65.2569
143.88 -65.2567
143.9 -65.2565
143.92 -65.2563
143.94 -65.256
143.96 -65.2558
143.98 -65.2556
144 -65.2554
144.02 -65.2552
144.04 -65.255
144.06 -65.2548
144.08 -65.2546
144.1 -65.2544
144.12 -65.2542
144.14 -65.2539
144.16 -65.2537
144.18 -65.2535
144.2 -65.2533
144.22 -65.2531
144.24 -65.2529
144.26 -65.2527
144.28 -65.2525
144.3 -65.2523
144.32 -65.2521
144.34 -65.2519
144.36 -65.2516
144.38 -65.2514
144.4 -65.2512
144.42 -65.251
144.44 -65.2508
144.46 -65.2506
144.48 -65.2504
144.5 -65.2502
144.52 -65.25
144.54 -65.2498
144.56 -65.2496
144.58 -65.2494
144.6 -65.2492
144.62 -65.249
144.64 -65.2488
144.66 -65.2486
144.68 -65.2484
144.7 -65.2481
144.72 -65.2479
144.74 -65.2477
144.76 -65.2475
144.78 -65.2473
144.8 -65.2471
144.82 -65.2469
144.84 -65.2467
144.86 -65.2465
144.88 -65.2463
144.9 -65.2461
144.92 -65.2459
144.94 -65.2457
144.96 -65.2455
144.98 -65.2453
145 -65.2451
145.02 -65.2449
145.04 -65.2447
145.06 -65.2445
145.08 -65.2443
145.1 -65.2441
145.12 -65.2439
145.14 -65.2437
145.16 -65.2435
145.18 -65.2433
145.2 -65.2431
145.22 -65.2429
145.24 -65.2427
145.26 -65.2425
145.28 -65.2423
145.3 -65.2421
145.32 -65.2419
145.34 -65.2417
145.36 -65.2415
145.38 -65.2413
145.4 -65.2411
145.42 -65.2409
145.44 -65.2407
145.46 -65.2405
145.48 -65.2403
145.5 -65.2401
145.52 -65.2399
145.54 -65.2398
145.56 -65.2396
145.58 -65.2394
145.6 -65.2392
145.62 -65.239
145.64 -65.2388
145.66 -65.2386
145.68 -65.2384
145.7 -65.2382
145.72 -65.238
145.74 -65.2378
145.76 -65.2376
145.78 -65.2374
145.8 -65.2372
145.82 -65.237
145.84 -65.2368
145.86 -65.2366
145.88 -65.2365
145.9 -65.2363
145.92 -65.2361
145.94 -65.2359
145.96 -65.2357
145.98 -65.2355
146 -65.2353
146.02 -65.2351
146.04 -65.2349
146.06 -65.2347
146.08 -65.2345
146.1 -65.2343
146.12 -65.2342
146.14 -65.234
146.16 -65.2338
146.18 -65.2336
146.2 -65.2334
146.22 -65.2332
146.24 -65.233
146.26 -65.2328
146.28 -65.2326
146.3 -65.2324
146.32 -65.2323
146.34 -65.2321
146.36 -65.2319
146.38 -65.2317
146.4 -65.2315
146.42 -65.2313
146.44 -65.2311
146.46 -65.2309
146.48 -65.2308
146.5 -65.2306
146.52 -65.2304
146.54 -65.2302
146.56 -65.23
146.58 -65.2298
146.6 -65.2296
146.62 -65.2295
146.64 -65.2293
146.66 -65.2291
146.68 -65.2289
146.7 -65.2287
146.72 -65.2285
146.74 -65.2283
146.76 -65.2282
146.78 -65.228
146.8 -65.2278
146.82 -65.2276
146.84 -65.2274
146.86 -65.2272
146.88 -65.2271
146.9 -65.2269
146.92 -65.2267
146.94 -65.2265
146.96 -65.2263
146.98 -65.2261
147 -65.226
147.02 -65.2258
147.04 -65.2256
147.06 -65.2254
147.08 -65.2252
147.1 -65.2251
147.12 -65.2249
147.14 -65.2247
147.16 -65.2245
147.18 -65.2243
147.2 -65.2242
147.22 -65.224
147.24 -65.2238
147.26 -65.2236
147.28 -65.2234
147.3 -65.2233
147.32 -65.2231
147.34 -65.2229
147.36 -65.2227
147.38 -65.2225
147.4 -65.2224
147.42 -65.2222
147.44 -65.222
147.46 -65.2218
147.48 -65.2217
147.5 -65.2215
147.52 -65.2213
147.54 -65.2211
147.56 -65.2209
147.58 -65.2208
147.6 -65.2206
147.62 -65.2204
147.64 -65.2202
147.66 -65.2201
147.68 -65.2199
147.7 -65.2197
147.72 -65.2195
147.74 -65.2194
147.76 -65.2192
147.78 -65.219
147.8 -65.2188
147.82 -65.2187
147.84 -65.2185
147.86 -65.2183
147.88 -65.2181
147.9 -65.218
147.92 -65.2178
147.94 -65.2176
147.96 -65.2174
147.98 -65.2173
148 -65.2171
148.02 -65.2169
148.04 -65.2168
148.06 -65.2166
148.08 -65.2164
148.1 -65.2162
148.12 -65.2161
148.14 -65.2159
148.16 -65.2157
148.18 -65.2155
148.2 -65.2154
148.22 -65.2152
148.24 -65.215
148.26 -65.2149
148.28 -65.2147
148.3 -65.2145
148.32 -65.2144
148.34 -65.2142
148.36 -65.214
148.38 -65.2138
148.4 -65.2137
148.42 -65.2135
148.44 -65.2133
148.46 -65.2132
148.48 -65.213
148.5 -65.2128
148.52 -65.2127
148.54 -65.2125
148.56 -65.2123
148.58 -65.2122
148.6 -65.212
148.62 -65.2118
148.64 -65.2117
148.66 -65.2115
148.68 -65.2113
148.7 -65.2112
148.72 -65.211
148.74 -65.2108
148.76 -65.2107
148.78 -65.2105
148.8 -65.2103
148.82 -65.2102
148.84 -65.21
148.86 -65.2098
148.88 -65.2097
148.9 -65.2095
148.92 -65.2093
148.94 -65.2092
148.96 -65.209
148.98 -65.2088
149 -65.2087
149.02 -65.2085
149.04 -65.2083
149.06 -65.2082
149.08 -65.208
149.1 -65.2079
149.12 -65.2077
149.14 -65.2075
149.16 -65.2074
149.18 -65.2072
149.2 -65.207
149.22 -65.2069
149.24 -65.2067
149.26 -65.2066
149.28 -65.2064
149.3 -65.2062
149.32 -65.2061
149.34 -65.2059
149.36 -65.2057
149.38 -65.2056
149.4 -65.2054
149.42 -65.2053
149.44 -65.2051
149.46 -65.2049
149.48 -65.2048
149.5 -65.2046
149.52 -65.2045
149.54 -65.2043
149.56 -65.2041
149.58 -65.204
149.6 -65.2038
149.62 -65.2037
149.64 -65.2035
149.66 -65.2034
149.68 -65.2032
149.7 -65.203
149.72 -65.2029
149.74 -65.2027
149.76 -65.2026
149.78 -65.2024
149.8 -65.2022
149.82 -65.2021
149.84 -65.2019
149.86 -65.2018
149.88 -65.2016
149.9 -65.2015
149.92 -65.2013
149.94 -65.2011
149.96 -65.201
149.98 -65.2008
150 -65.2007
150.02 -65.2005
150.04 -65.2004
150.06 -65.2002
150.08 -65.2001
150.1 -65.1999
150.12 -65.1998
150.14 -65.1996
150.16 -65.1994
150.18 -65.1993
150.2 -65.1991
150.22 -65.199
150.24 -65.1988
150.26 -65.1987
150.28 -65.1985
150.3 -65.1984
150.32 -65.1982
150.34 -65.1981
150.36 -65.1979
150.38 -65.1978
150.4 -65.1976
150.42 -65.1975
150.44 -65.1973
150.46 -65.1971
150.48 -65.197
150.5 -65.1968
150.52 -65.1967
150.54 -65.1965
150.56 -65.1964
150.58 -65.1962
150.6 -65.1961
150.62 -65.1959
150.64 -65.1958
150.66 -65.1956
150.68 -65.1955
150.7 -65.1953
150.72 -65.1952
150.74 -65.195
150.76 -65.1949
150.78 -65.1947
150.8 -65.1946
150.82 -65.1944
150.84 -65.1943
150.86 -65.1941
150.88 -65.194
150.9 -65.1938
150.92 -65.1937
150.94 -65.1935
150.96 -65.1934
150.98 -65.1933
151 -65.1931
151.02 -65.193
151.04 -65.1928
151.06 -65.1927
151.08 -65.1925
151.1 -65.1924
151.12 -65.1922
151.14 -65.1921
151.16 -65.1919
151.18 -65.1918
151.2 -65.1916
151.22 -65.1915
151.24 -65.1913
151.26 -65.1912
151.28 -65.1911
151.3 -65.1909
151.32 -65.1908
151.34 -65.1906
151.36 -65.1905
151.38 -65.1903
151.4 -65.1902
151.42 -65.19
151.44 -65.1899
151.46 -65.1898
151.48 -65.1896
151.5 -65.1895
151.52 -65.1893
151.54 -65.1892
151.56 -65.189
151.58 -65.1889
151.6 -65.1888
151.62 -65.1886
151.64 -65.1885
151.66 -65.1883
151.68 -65.1882
151.7 -65.188
151.72 -65.1879
151.74 -65.1878
151.76 -65.1876
151.78 -65.1875
151.8 -65.1873
151.82 -65.1872
151.84 -65.1871
151.86 -65.1869
151.88 -65.1868
151.9 -65.1866
151.92 -65.1865
151.94 -65.1864
151.96 -65.1862
151.98 -65.1861
152 -65.1859
152.02 -65.1858
152.04 -65.1857
152.06 -65.1855
152.08 -65.1854
152.1 -65.1852
152.12 -65.1851
152.14 -65.185
152.16 -65.1848
152.18 -65.1847
152.2 -65.1845
152.22 -65.1844
152.24 -65.1843
152.26 -65.1841
152.28 -65.184
152.3 -65.1839
152.32 -65.1837
152.34 -65.1836
152.36 -65.1834
152.38 -65.1833
152.4 -65.1832
152.42 -65.183
152.44 -65.1829
152.46 -65.1828
152.48 -65.1826
152.5 -65.1825
152.52 -65.1824
152.54 -65.1822
152.56 -65.1821
152.58 -65.182
152.6 -65.1818
152.62 -65.1817
152.64 -65.1816
152.66 -65.1814
152.68 -65.1813
152.7 -65.1811
152.72 -65.181
152.74 -65.1809
152.76 -65.1807
152.78 -65.1806
152.8 -65.1805
152.82 -65.1803
152.84 -65.1802
152.86 -65.1801
152.88 -65.1799
152.9 -65.1798
152.92 -65.1797
152.94 -65.1795
152.96 -65.1794
152.98 -65.1793
153 -65.1792
153.02 -65.179
153.04 -65.1789
153.06 -65.1788
153.08 -65.1786
153.1 -65.1785
153.12 -65.1784
153.14 -65.1782
153.16 -65.1781
153.18 -65.178
153.2 -65.1778
153.22 -65.1777
153.24 -65.1776
153.26 -65.1775
153.28 -65.1773
153.3 -65.1772
153.32 -65.1771
153.34 -65.1769
153.36 -65.1768
153.38 -65.1767
153.4 -65.1765
153.42 -65.1764
153.44 -65.1763
153.46 -65.1762
153.48 -65.176
153.5 -65.1759
153.52 -65.1758
153.54 -65.1756
153.56 -65.1755
153.58 -65.1754
153.6 -65.1753
153.62 -65.1751
153.64 -65.175
153.66 -65.1749
153.68 -65.1748
153.7 -65.1746
153.72 -65.1745
153.74 -65.1744
153.76 -65.1742
153.78 -65.1741
153.8 -65.174
153.82 -65.1739
153.84 -65.1737
153.86 -65.1736
153.88 -65.1735
153.9 -65.1734
153.92 -65.1732
153.94 -65.1731
153.96 -65.173
153.98 -65.1729
154 -65.1727
154.02 -65.1726
154.04 -65.1725
154.06 -65.1724
154.08 -65.1722
154.1 -65.1721
154.12 -65.172
154.14 -65.1719
154.16 -65.1718
154.18 -65.1716
154.2 -65.1715
154.22 -65.1714
154.24 -65.1713
154.26 -65.1711
154.28 -65.171
154.3 -65.1709
154.32 -65.1708
154.34 -65.1706
154.36 -65.1705
154.38 -65.1704
154.4 -65.1703
154.42 -65.1702
154.44 -65.17
154.46 -65.1699
154.48 -65.1698
154.5 -65.1697
154.52 -65.1696
154.54 -65.1694
154.56 -65.1693
154.58 -65.1692
154.6 -65.1691
154.62 -65.169
154.64 -65.1688
154.66 -65.1687
154.68 -65.1686
154.7 -65.1685
154.72 -65.1684
154.74 -65.1682
154.76 -65.1681
154.78 -65.168
154.8 -65.1679
154.82 -65.1678
154.84 -65.1676
154.86 -65.1675
154.88 -65.1674
154.9 -65.1673
154.92 -65.1672
154.94 -65.167
154.96 -65.1669
154.98 -65.1668
155 -65.1667
155.02 -65.1666
155.04 -65.1665
155.06 -65.1663
155.08 -65.1662
155.1 -65.1661
155.12 -65.166
155.14 -65.1659
155.16 -65.1658
155.18 -65.1656
155.2 -65.1655
155.22 -65.1654
155.24 -65.1653
155.26 -65.1652
155.28 -65.1651
155.3 -65.1649
155.32 -65.1648
155.34 -65.1647
155.36 -65.1646
155.38 -65.1645
155.4 -65.1644
155.42 -65.1643
155.44 -65.1641
155.46 -65.164
155.48 -65.1639
155.5 -65.1638
155.52 -65.1637
155.54 -65.1636
155.56 -65.1635
155.58 -65.1633
155.6 -65.1632
155.62 -65.1631
155.64 -65.163
155.66 -65.1629
155.68 -65.1628
155.7 -65.1627
155.72 -65.1626
155.74 -65.1624
155.76 -65.1623
155.78 -65.1622
155.8 -65.1621
155.82 -65.162
155.84 -65.1619
155.86 -65.1618
155.88 -65.1617
155.9 -65.1616
155.92 -65.1614
155.94 -65.1613
155.96 -65.1612
155.98 -65.1611
156 -65.161
156.02 -65.1609
156.04 -65.1608
156.06 -65.1607
156.08 -65.1606
156.1 -65.1604
156.12 -65.1603
156.14 -65.1602
156.16 -65.1601
156.18 -65.16
156.2 -65.1599
156.22 -65.1598
156.24 -65.1597
156.26 -65.1596
156.28 -65.1595
156.3 -65.1594
156.32 -65.1592
156.34 -65.1591
156.36 -65.159
156.38 -65.1589
156.4 -65.1588
156.42 -65.1587
156.44 -65.1586
156.46 -65.1585
156.48 -65.1584
156.5 -65.1583
156.52 -65.1582
156.54 -65.1581
156.56 -65.158
156.58 -65.1578
156.6 -65.1577
156.62 -65.1576
156.64 -65.1575
156.66 -65.1574
156.68 -65.1573
156.7 -65.1572
156.72 -65.1571
156.74 -65.157
156.76 -65.1569
156.78 -65.1568
156.8 -65.1567
156.82 -65.1566
156.84 -65.1565
156.86 -65.1564
156.88 -65.1563
156.9 -65.1562
156.92 -65.156
156.94 -65.1559
156.96 -65.1558
156.98 -65.1557
157 -65.1556
157.02 -65.1555
157.04 -65.1554
157.06 -65.1553
157.08 -65.1552
157.1 -65.1551
157.12 -65.155
157.14 -65.1549
157.16 -65.1548
157.18 -65.1547
157.2 -65.1546
157.22 -65.1545
157.24 -65.1544
157.26 -65.1543
157.28 -65.1542
157.3 -65.1541
157.32 -65.154
157.34 -65.1539
157.36 -65.1538
157.38 -65.1537
157.4 -65.1536
157.42 -65.1535
157.44 -65.1534
157.46 -65.1533
157.48 -65.1532
157.5 -65.1531
157.52 -65.153
157.54 -65.1529
157.56 -65.1528
157.58 -65.1527
157.6 -65.1526
157.62 -65.1525
157.64 -65.1524
157.66 -65.1523
157.68 -65.1522
157.7 -65.1521
157.72 -65.152
157.74 -65.1519
157.76 -65.1518
157.78 -65.1517
157.8 -65.1516
157.82 -65.1515
157.84 -65.1514
157.86 -65.1513
157.88 -65.1512
157.9 -65.1511
157.92 -65.151
157.94 -65.1509
157.96 -65.1508
157.98 -65.1507
158 -65.1506
158.02 -65.1505
158.04 -65.1504
158.06 -65.1503
158.08 -65.1502
158.1 -65.1501
158.12 -65.15
158.14 -65.1499
158.16 -65.1498
158.18 -65.1497
158.2 -65.1496
158.22 -65.1495
158.24 -65.1494
158.26 -65.1493
158.28 -65.1492
158.3 -65.1491
158.32 -65.149
158.34 -65.1489
158.36 -65.1488
158.38 -65.1488
158.4 -65.1487
158.42 -65.1486
158.44 -65.1485
158.46 -65.1484
158.48 -65.1483
158.5 -65.1482
158.52 -65.1481
158.54 -65.148
158.56 -65.1479
158.58 -65.1478
158.6 -65.1477
158.62 -65.1476
158.64 -65.1475
158.66 -65.1474
158.68 -65.1473
158.7 -65.1472
158.72 -65.1471
158.74 -65.1471
158.76 -65.147
158.78 -65.1469
158.8 -65.1468
158.82 -65.1467
158.84 -65.1466
158.86 -65.1465
158.88 -65.1464
158.9 -65.1463
158.92 -65.1462
158.94 -65.1461
158.96 -65.146
158.98 -65.1459
159 -65.1459
159.02 -65.1458
159.04 -65.1457
159.06 -65.1456
159.08 -65.1455
159.1 -65.1454
159.12 -65.1453
159.14 -65.1452
159.16 -65.1451
159.18 -65.145
159.2 -65.1449
159.22 -65.1449
159.24 -65.1448
159.26 -65.1447
159.28 -65.1446
159.3 -65.1445
159.32 -65.1444
159.34 -65.1443
159.36 -65.1442
159.38 -65.1441
159.4 -65.144
159.42 -65.144
159.44 -65.1439
159.46 -65.1438
159.48 -65.1437
159.5 -65.1436
159.52 -65.1435
159.54 -65.1434
159.56 -65.1433
159.58 -65.1432
159.6 -65.1432
159.62 -65.1431
159.64 -65.143
159.66 -65.1429
159.68 -65.1428
159.7 -65.1427
159.72 -65.1426
159.74 -65.1425
159.76 -65.1425
159.78 -65.1424
159.8 -65.1423
159.82 -65.1422
159.84 -65.1421
159.86 -65.142
159.88 -65.1419
159.9 -65.1418
159.92 -65.1418
159.94 -65.1417
159.96 -65.1416
159.98 -65.1415
160 -65.1414
160.02 -65.1413
160.04 -65.1412
160.06 -65.1412
160.08 -65.1411
160.1 -65.141
160.12 -65.1409
160.14 -65.1408
160.16 -65.1407
160.18 -65.1406
160.2 -65.1406
160.22 -65.1405
160.24 -65.1404
160.26 -65.1403
160.28 -65.1402
160.3 -65.1401
160.32 -65.1401
160.34 -65.14
160.36 -65.1399
160.38 -65.1398
160.4 -65.1397
160.42 -65.1396
160.44 -65.1396
160.46 -65.1395
160.48 -65.1394
160.5 -65.1393
160.52 -65.1392
160.54 -65.1391
160.56 -65.1391
160.58 -65.139
160.6 -65.1389
160.62 -65.1388
160.64 -65.1387
160.66 -65.1386
160.68 -65.1386
160.7 -65.1385
160.72 -65.1384
160.74 -65.1383
160.76 -65.1382
160.78 -65.1382
160.8 -65.1381
160.82 -65.138
160.84 -65.1379
160.86 -65.1378
160.88 -65.1377
160.9 -65.1377
160.92 -65.1376
160.94 -65.1375
160.96 -65.1374
160.98 -65.1373
161 -65.1373
161.02 -65.1372
161.04 -65.1371
161.06 -65.137
161.08 -65.1369
161.1 -65.1369
161.12 -65.1368
161.14 -65.1367
161.16 -65.1366
161.18 -65.1365
161.2 -65.1365
161.22 -65.1364
161.24 -65.1363
161.26 -65.1362
161.28 -65.1362
161.3 -65.1361
161.32 -65.136
161.34 -65.1359
161.36 -65.1358
161.38 -65.1358
161.4 -65.1357
161.42 -65.1356
161.44 -65.1355
161.46 -65.1354
161.48 -65.1354
161.5 -65.1353
161.52 -65.1352
161.54 -65.1351
161.56 -65.1351
161.58 -65.135
161.6 -65.1349
161.62 -65.1348
161.64 -65.1348
161.66 -65.1347
161.68 -65.1346
161.7 -65.1345
161.72 -65.1344
161.74 -65.1344
161.76 -65.1343
161.78 -65.1342
161.8 -65.1341
161.82 -65.1341
161.84 -65.134
161.86 -65.1339
161.88 -65.1338
161.9 -65.1338
161.92 -65.1337
161.94 -65.1336
161.96 -65.1335
161.98 -65.1335
162 -65.1334
162.02 -65.1333
162.04 -65.1332
162.06 -65.1332
162.08 -65.1331
162.1 -65.133
162.12 -65.1329
162.14 -65.1329
162.16 -65.1328
162.18 -65.1327
162.2 -65.1326
162.22 -65.1326
162.24 -65.1325
162.26 -65.1324
162.28 -65.1323
162.3 -65.1323
162.32 -65.1322
162.34 -65.1321
162.36 -65.1321
162.38 -65.132
162.4 -65.1319
162.42 -65.1318
162.44 -65.1318
162.46 -65.1317
162.48 -65.1316
162.5 -65.1315
162.52 -65.1315
162.54 -65.1314
162.56 -65.1313
162.58 -65.1313
162.6 -65.1312
162.62 -65.1311
162.64 -65.131
162.66 -65.131
162.68 -65.1309
162.7 -65.1308
162.72 -65.1308
162.74 -65.1307
162.76 -65.1306
162.78 -65.1305
162.8 -65.1305
162.82 -65.1304
162.84 -65.1303
162.86 -65.1303
162.88 -65.1302
162.9 -65.1301
162.92 -65.1301
162.94 -65.13
162.96 -65.1299
162.98 -65.1298
163 -65.1298
163.02 -65.1297
163.04 -65.1296
163.06 -65.1296
163.08 -65.1295
163.1 -65.1294
163.12 -65.1294
163.14 -65.1293
163.16 -65.1292
163.18 -65.1292
163.2 -65.1291
163.22 -65.129
163.24 -65.1289
163.26 -65.1289
163.28 -65.1288
163.3 -65.1287
163.32 -65.1287
163.34 -65.1286
163.36 -65.1285
163.38 -65.1285
163.4 -65.1284
163.42 -65.1283
163.44 -65.1283
163.46 -65.1282
163.48 -65.1281
163.5 -65.1281
163.52 -65.128
163.54 -65.1279
163.56 -65.1279
163.58 -65.1278
163.6 -65.1277
163.62 -65.1277
163.64 -65.1276
163.66 -65.1275
163.68 -65.1275
163.7 -65.1274
163.72 -65.1273
163.74 -65.1273
163.76 -65.1272
163.78 -65.1271
163.8 -65.1271
163.82 -65.127
163.84 -65.1269
163.86 -65.1269
163.88 -65.1268
163.9 -65.1267
163.92 -65.1267
163.94 -65.1266
163.96 -65.1265
163.98 -65.1265
164 -65.1264
164.02 -65.1263
164.04 -65.1263
164.06 -65.1262
164.08 -65.1262
164.1 -65.1261
164.12 -65.126
164.14 -65.126
164.16 -65.1259
164.18 -65.1258
164.2 -65.1258
164.22 -65.1257
164.24 -65.1256
164.26 -65.1256
164.28 -65.1255
164.3 -65.1255
164.32 -65.1254
164.34 -65.1253
164.36 -65.1253
164.38 -65.1252
164.4 -65.1251
164.42 -65.1251
164.44 -65.125
164.46 -65.1249
164.48 -65.1249
164.5 -65.1248
164.52 -65.1248
164.54 -65.1247
164.56 -65.1246
164.58 -65.1246
164.6 -65.1245
164.62 -65.1245
164.64 -65.1244
164.66 -65.1243
164.68 -65.1243
164.7 -65.1242
164.72 -65.1241
164.74 -65.1241
164.76 -65.124
164.78 -65.124
164.8 -65.1239
164.82 -65.1238
164.84 -65.1238
164.86 -65.1237
164.88 -65.1237
164.9 -65.1236
164.92 -65.1235
164.94 -65.1235
164.96 -65.1234
164.98 -65.1234
165 -65.1233
165.02 -65.1232
165.04 -65.1232
165.06 -65.1231
165.08 -65.1231
165.1 -65.123
165.12 -65.1229
165.14 -65.1229
165.16 -65.1228
165.18 -65.1228
165.2 -65.1227
165.22 -65.1226
165.24 -65.1226
165.26 -65.1225
165.28 -65.1225
165.3 -65.1224
165.32 -65.1223
165.34 -65.1223
165.36 -65.1222
165.38 -65.1222
165.4 -65.1221
165.42 -65.1221
165.44 -65.122
165.46 -65.1219
165.48 -65.1219
165.5 -65.1218
165.52 -65.1218
165.54 -65.1217
165.56 -65.1216
165.58 -65.1216
165.6 -65.1215
165.62 -65.1215
165.64 -65.1214
165.66 -65.1214
165.68 -65.1213
165.7 -65.1212
165.72 -65.1212
165.74 -65.1211
165.76 -65.1211
165.78 -65.121
165.8 -65.121
165.82 -65.1209
165.84 -65.1209
165.86 -65.1208
165.88 -65.1207
165.9 -65.1207
165.92 -65.1206
165.94 -65.1206
165.96 -65.1205
165.98 -65.1205
166 -65.1204
166.02 -65.1204
166.04 -65.1203
166.06 -65.1202
166.08 -65.1202
166.1 -65.1201
166.12 -65.1201
166.14 -65.12
166.16 -65.12
166.18 -65.1199
166.2 -65.1199
166.22 -65.1198
166.24 -65.1197
166.26 -65.1197
166.28 -65.1196
166.3 -65.1196
166.32 -65.1195
166.34 -65.1195
166.36 -65.1194
166.38 -65.1194
166.4 -65.1193
166.42 -65.1193
166.44 -65.1192
166.46 -65.1192
166.48 -65.1191
166.5 -65.119
166.52 -65.119
166.54 -65.1189
166.56 -65.1189
166.58 -65.1188
166.6 -65.1188
166.62 -65.1187
166.64 -65.1187
166.66 -65.1186
166.68 -65.1186
166.7 -65.1185
166.72 -65.1185
166.74 -65.1184
166.76 -65.1184
166.78 -65.1183
166.8 -65.1183
166.82 -65.1182
166.84 -65.1182
166.86 -65.1181
166.88 -65.118
166.9 -65.118
166.92 -65.1179
166.94 -65.1179
166.96 -65.1178
166.98 -65.1178
167 -65.1177
167.02 -65.1177
167.04 -65.1176
167.06 -65.1176
167.08 -65.1175
167.1 -65.1175
167.12 -65.1174
167.14 -65.1174
167.16 -65.1173
167.18 -65.1173
167.2 -65.1172
167.22 -65.1172
167.24 -65.1171
167.26 -65.1171
167.28 -65.117
167.3 -65.117
167.32 -65.1169
167.34 -65.1169
167.36 -65.1168
167.38 -65.1168
167.4 -65.1167
167.42 -65.1167
167.44 -65.1166
167.46 -65.1166
167.48 -65.1165
167.5 -65.1165
167.52 -65.1164
167.54 -65.1164
167.56 -65.1163
167.58 -65.1163
167.6 -65.1162
167.62 -65.1162
167.64 -65.1161
167.66 -65.1161
167.68 -65.116
167.7 -65.116
167.72 -65.116
167.74 -65.1159
167.76 -65.1159
167.78 -65.1158
167.8 -65.1158
167.82 -65.1157
167.84 -65.1157
167.86 -65.1156
167.88 -65.1156
167.9 -65.1155
167.92 -65.1155
167.94 -65.1154
167.96 -65.1154
167.98 -65.1153
168 -65.1153
168.02 -65.1152
168.04 -65.1152
168.06 -65.1151
168.08 -65.1151
168.1 -65.1151
168.12 -65.115
168.14 -65.115
168.16 -65.1149
168.18 -65.1149
168.2 -65.1148
168.22 -65.1148
168.24 -65.1147
168.26 -65.1147
168.28 -65.1146
168.3 -65.1146
168.32 -65.1145
168.34 -65.1145
168.36 -65.1145
168.38 -65.1144
168.4 -65.1144
168.42 -65.1143
168.44 -65.1143
168.46 -65.1142
168.48 -65.1142
168.5 -65.1141
168.52 -65.1141
168.54 -65.114
168.56 -65.114
168.58 -65.114
168.6 -65.1139
168.62 -65.1139
168.64 -65.1138
168.66 -65.1138
168.68 -65.1137
168.7 -65.1137
168.72 -65.1136
168.74 -65.1136
168.76 -65.1136
168.78 -65.1135
168.8 -65.1135
168.82 -65.1134
168.84 -65.1134
168.86 -65.1133
168.88 -65.1133
168.9 -65.1133
168.92 -65.1132
168.94 -65.1132
168.96 -65.1131
168.98 -65.1131
169 -65.113
169.02 -65.113
169.04 -65.113
169.06 -65.1129
169.08 -65.1129
169.1 -65.1128
169.12 -65.1128
169.14 -65.1127
169.16 -65.1127
169.18 -65.1127
169.2 -65.1126
169.22 -65.1126
169.24 -65.1125
169.26 -65.1125
169.28 -65.1124
169.3 -65.1124
169.32 -65.1124
169.34 -65.1123
169.36 -65.1123
169.38 -65.1122
169.4 -65.1122
169.42 -65.1121
169.44 -65.1121
169.46 -65.1121
169.48 -65.112
169.5 -65.112
169.52 -65.1119
169.54 -65.1119
169.56 -65.1119
169.58 -65.1118
169.6 -65.1118
169.62 -65.1117
169.64 -65.1117
169.66 -65.1117
169.68 -65.1116
169.7 -65.1116
169.72 -65.1115
169.74 -65.1115
169.76 -65.1115
169.78 -65.1114
169.8 -65.1114
169.82 -65.1113
169.84 -65.1113
169.86 -65.1113
169.88 -65.1112
169.9 -65.1112
169.92 -65.1111
169.94 -65.1111
169.96 -65.1111
169.98 -65.111
170 -65.111
170.02 -65.1109
170.04 -65.1109
170.06 -65.1109
170.08 -65.1108
170.1 -65.1108
170.12 -65.1107
170.14 -65.1107
170.16 -65.1107
170.18 -65.1106
170.2 -65.1106
170.22 -65.1106
170.24 -65.1105
170.26 -65.1105
170.28 -65.1104
170.3 -65.1104
170.32 -65.1104
170.34 -65.1103
170.36 -65.1103
170.38 -65.1102
170.4 -65.1102
170.42 -65.1102
170.44 -65.1101
170.46 -65.1101
170.48 -65.1101
170.5 -65.11
170.52 -65.11
170.54 -65.1099
170.56 -65.1099
170.58 -65.1099
170.6 -65.1098
170.62 -65.1098
170.64 -65.1098
170.66 -65.1097
170.68 -65.1097
170.7 -65.1096
170.72 -65.1096
170.74 -65.1096
170.76 -65.1095
170.78 -65.1095
170.8 -65.1095
170.82 -65.1094
170.84 -65.1094
170.86 -65.1094
170.88 -65.1093
170.9 -65.1093
170.92 -65.1092
170.94 -65.1092
170.96 -65.1092
170.98 -65.1091
171 -65.1091
171.02 -65.1091
171.04 -65.109
171.06 -65.109
171.08 -65.109
171.1 -65.1089
171.12 -65.1089
171.14 -65.1089
171.16 -65.1088
171.18 -65.1088
171.2 -65.1088
171.22 -65.1087
171.24 -65.1087
171.26 -65.1086
171.28 -65.1086
171.3 -65.1086
171.32 -65.1085
171.34 -65.1085
171.36 -65.1085
171.38 -65.1084
171.4 -65.1084
171.42 -65.1084
171.44 -65.1083
171.46 -65.1083
171.48 -65.1083
171.5 -65.1082
171.52 -65.1082
171.54 -65.1082
171.56 -65.1081
171.58 -65.1081
171.6 -65.1081
171.62 -65.108
171.64 -65.108
171.66 -65.108
171.68 -65.1079
171.7 -65.1079
171.72 -65.1079
171.74 -65.1078
171.76 -65.1078
171.78 -65.1078
171.8 -65.1077
171.82 -65.1077
171.84 -65.1077
171.86 -65.1076
171.88 -65.1076
171.9 -65.1076
171.92 -65.1075
171.94 -65.1075
171.96 -65.1075
171.98 -65.1074
172 -65.1074
172.02 -65.1074
172.04 -65.1073
172.06 -65.1073
172.08 -65.1073
172.1 -65.1072
172.12 -65.1072
172.14 -65.1072
172.16 -65.1072
172.18 -65.1071
172.2 -65.1071
172.22 -65.1071
172.24 -65.107
172.26 -65.107
172.28 -65.107
172.3 -65.1069
172.32 -65.1069
172.34 -65.1069
172.36 -65.1068
172.38 -65.1068
172.4 -65.1068
172.42 -65.1067
172.44 -65.1067
172.46 -65.1067
172.48 -65.1067
172.5 -65.1066
172.52 -65.1066
172.54 -65.1066
172.56 -65.1065
172.58 -65.1065
172.6 -65.1065
172.62 -65.1064
172.64 -65.1064
172.66 -65.1064
172.68 -65.1064
172.7 -65.1063
172.72 -65.1063
172.74 -65.1063
172.76 -65.1062
172.78 -65.1062
172.8 -65.1062
172.82 -65.1061
172.84 -65.1061
172.86 -65.1061
172.88 -65.1061
172.9 -65.106
172.92 -65.106
172.94 -65.106
172.96 -65.1059
172.98 -65.1059
173 -65.1059
173.02 -65.1059
173.04 -65.1058
173.06 -65.1058
173.08 -65.1058
173.1 -65.1057
173.12 -65.1057
173.14 -65.1057
173.16 -65.1057
173.18 -65.1056
173.2 -65.1056
173.22 -65.1056
173.24 -65.1055
173.26 -65.1055
173.28 -65.1055
173.3 -65.1055
173.32 -65.1054
173.34 -65.1054
173.36 -65.1054
173.38 -65.1053
173.4 -65.1053
173.42 -65.1053
173.44 -65.1053
173.46 -65.1052
173.48 -65.1052
173.5 -65.1052
173.52 -65.1051
173.54 -65.1051
173.56 -65.1051
173.58 -65.1051
173.6 -65.105
173.62 -65.105
173.64 -65.105
173.66 -65.105
173.68 -65.1049
173.7 -65.1049
173.72 -65.1049
173.74 -65.1049
173.76 -65.1048
173.78 -65.1048
173.8 -65.1048
173.82 -65.1047
173.84 -65.1047
173.86 -65.1047
173.88 -65.1047
173.9 -65.1046
173.92 -65.1046
173.94 -65.1046
173.96 -65.1046
173.98 -65.1045
174 -65.1045
174.02 -65.1045
174.04 -65.1045
174.06 -65.1044
174.08 -65.1044
174.1 -65.1044
174.12 -65.1044
174.14 -65.1043
174.16 -65.1043
174.18 -65.1043
174.2 -65.1043
174.22 -65.1042
174.24 -65.1042
174.26 -65.1042
174.28 -65.1042
174.3 -65.1041
174.32 -65.1041
174.34 -65.1041
174.36 -65.1041
174.38 -65.104
174.4 -65.104
174.42 -65.104
174.44 -65.104
174.46 -65.1039
174.48 -65.1039
174.5 -65.1039
174.52 -65.1039
174.54 -65.1038
174.56 -65.1038
174.58 -65.1038
174.6 -65.1038
174.62 -65.1037
174.64 -65.1037
174.66 -65.1037
174.68 -65.1037
174.7 -65.1036
174.72 -65.1036
174.74 -65.1036
174.76 -65.1036
174.78 -65.1035
174.8 -65.1035
174.82 -65.1035
174.84 -65.1035
174.86 -65.1035
174.88 -65.1034
174.9 -65.1034
174.92 -65.1034
174.94 -65.1034
174.96 -65.1033
174.98 -65.1033
175 -65.1033
175.02 -65.1033
175.04 -65.1032
175.06 -65.1032
175.08 -65.1032
175.1 -65.1032
175.12 -65.1032
175.14 -65.1031
175.16 -65.1031
175.18 -65.1031
175.2 -65.1031
175.22 -65.103
175.24 -65.103
175.26 -65.103
175.28 -65.103
175.3 -65.103
175.32 -65.1029
175.34 -65.1029
175.36 -65.1029
175.38 -65.1029
175.4 -65.1028
175.42 -65.1028
175.44 -65.1028
175.46 -65.1028
175.48 -65.1028
175.5 -65.1027
175.52 -65.1027
175.54 -65.1027
175.56 -65.1027
175.58 -65.1027
175.6 -65.1026
175.62 -65.1026
175.64 -65.1026
175.66 -65.1026
175.68 -65.1026
175.7 -65.1025
175.72 -65.1025
175.74 -65.1025
175.76 -65.1025
175.78 -65.1024
175.8 -65.1024
175.82 -65.1024
175.84 -65.1024
175.86 -65.1024
175.88 -65.1023
175.9 -65.1023
175.92 -65.1023
175.94 -65.1023
175.96 -65.1023
175.98 -65.1022
176 -65.1022
176.02 -65.1022
176.04 -65.1022
176.06 -65.1022
176.08 -65.1021
176.1 -65.1021
176.12 -65.1021
176.14 -65.1021
176.16 -65.1021
176.18 -65.102
176.2 -65.102
176.22 -65.102
176.24 -65.102
176.26 -65.102
176.28 -65.1019
176.3 -65.1019
176.32 -65.1019
176.34 -65.1019
176.36 -65.1019
176.38 -65.1019
176.4 -65.1018
176.42 -65.1018
176.44 -65.1018
176.46 -65.1018
176.48 -65.1018
176.5 -65.1017
176.52 -65.1017
176.54 -65.1017
176.56 -65.1017
176.58 -65.1017
176.6 -65.1016
176.62 -65.1016
176.64 -65.1016
176.66 -65.1016
176.68 -65.1016
176.7 -65.1016
176.72 -65.1015
176.74 -65.1015
176.76 -65.1015
176.78 -65.1015
176.8 -65.1015
176.82 -65.1014
176.84 -65.1014
176.86 -65.1014
176.88 -65.1014
176.9 -65.1014
176.92 -65.1014
176.94 -65.1013
176.96 -65.1013
176.98 -65.1013
177 -65.1013
177.02 -65.1013
177.04 -65.1013
177.06 -65.1012
177.08 -65.1012
177.1 -65.1012
177.12 -65.1012
177.14 -65.1012
177.16 -65.1012
177.18 -65.1011
177.2 -65.1011
177.22 -65.1011
177.24 -65.1011
177.26 -65.1011
177.28 -65.1011
177.3 -65.101
177.32 -65.101
177.34 -65.101
177.36 -65.101
177.38 -65.101
177.4 -65.101
177.42 -65.1009
177.44 -65.1009
177.46 -65.1009
177.48 -65.1009
177.5 -65.1009
177.52 -65.1009
177.54 -65.1008
177.56 -65.1008
177.58 -65.1008
177.6 -65.1008
177.62 -65.1008
177.64 -65.1008
177.66 -65.1007
177.68 -65.1007
177.7 -65.1007
177.72 -65.1007
177.74 -65.1007
177.76 -65.1007
177.78 -65.1007
177.8 -65.1006
177.82 -65.1006
177.84 -65.1006
177.86 -65.1006
177.88 -65.1006
177.9 -65.1006
177.92 -65.1005
177.94 -65.1005
177.96 -65.1005
177.98 -65.1005
178 -65.1005
178.02 -65.1005
178.04 -65.1005
178.06 -65.1004
178.08 -65.1004
178.1 -65.1004
178.12 -65.1004
178.14 -65.1004
178.16 -65.1004
178.18 -65.1004
178.2 -65.1003
178.22 -65.1003
178.24 -65.1003
178.26 -65.1003
178.28 -65.1003
178.3 -65.1003
178.32 -65.1003
178.34 -65.1002
178.36 -65.1002
178.38 -65.1002
178.4 -65.1002
178.42 -65.1002
178.44 -65.1002
178.46 -65.1002
178.48 -65.1001
178.5 -65.1001
178.52 -65.1001
178.54 -65.1001
178.56 -65.1001
178.58 -65.1001
178.6 -65.1001
178.62 -65.1
178.64 -65.1
178.66 -65.1
178.68 -65.1
178.7 -65.1
178.72 -65.1
178.74 -65.1
178.76 -65.1
178.78 -65.0999
178.8 -65.0999
178.82 -65.0999
178.84 -65.0999
178.86 -65.0999
178.88 -65.0999
178.9 -65.0999
178.92 -65.0999
178.94 -65.0998
178.96 -65.0998
178.98 -65.0998
179 -65.0998
179.02 -65.0998
179.04 -65.0998
179.06 -65.0998
179.08 -65.0998
179.1 -65.0997
179.12 -65.0997
179.14 -65.0997
179.16 -65.0997
179.18 -65.0997
179.2 -65.0997
179.22 -65.0997
179.24 -65.0997
179.26 -65.0996
179.28 -65.0996
179.3 -65.0996
179.32 -65.0996
179.34 -65.0996
179.36 -65.0996
179.38 -65.0996
179.4 -65.0996
179.42 -65.0996
179.44 -65.0995
179.46 -65.0995
179.48 -65.0995
179.5 -65.0995
179.52 -65.0995
179.54 -65.0995
179.56 -65.0995
179.58 -65.0995
179.6 -65.0995
179.62 -65.0994
179.64 -65.0994
179.66 -65.0994
179.68 -65.0994
179.7 -65.0994
179.72 -65.0994
179.74 -65.0994
179.76 -65.0994
179.78 -65.0994
179.8 -65.0993
179.82 -65.0993
179.84 -65.0993
179.86 -65.0993
179.88 -65.0993
179.9 -65.0993
179.92 -65.0993
179.94 -65.0993
179.96 -65.0993
179.98 -65.0993
180 -65.0992
180.02 -65.0992
180.04 -65.0992
180.06 -65.0992
180.08 -65.0992
180.1 -65.0992
180.12 -65.0992
180.14 -65.0992
180.16 -65.0992
180.18 -65.0992
180.2 -65.0991
180.22 -65.0991
180.24 -65.0991
180.26 -65.0991
180.28 -65.0991
180.3 -65.0991
180.32 -65.0991
180.34 -65.0991
180.36 -65.0991
180.38 -65.0991
180.4 -65.099
180.42 -65.099
180.44 -65.099
180.46 -65.099
180.48 -65.099
180.5 -65.099
180.52 -65.099
180.54 -65.099
180.56 -65.099
180.58 -65.099
180.6 -65.099
180.62 -65.0989
180.64 -65.0989
180.66 -65.0989
180.68 -65.0989
180.7 -65.0989
180.72 -65.0989
180.74 -65.0989
180.76 -65.0989
180.78 -65.0989
180.8 -65.0989
180.82 -65.0989
180.84 -65.0989
180.86 -65.0988
180.88 -65.0988
180.9 -65.0988
180.92 -65.0988
180.94 -65.0988
180.96 -65.0988
180.98 -65.0988
181 -65.0988
181.02 -65.0988
181.04 -65.0988
181.06 -65.0988
181.08 -65.0988
181.1 -65.0987
181.12 -65.0987
181.14 -65.0987
181.16 -65.0987
181.18 -65.0987
181.2 -65.0987
181.22 -65.0987
181.24 -65.0987
181.26 -65.0987
181.28 -65.0987
181.3 -65.0987
181.32 -65.0987
181.34 -65.0987
181.36 -65.0987
181.38 -65.0986
181.4 -65.0986
181.42 -65.0986
181.44 -65.0986
181.46 -65.0986
181.48 -65.0986
181.5 -65.0986
181.52 -65.0986
181.54 -65.0986
181.56 -65.0986
181.58 -65.0986
181.6 -65.0986
181.62 -65.0986
181.64 -65.0986
181.66 -65.0985
181.68 -65.0985
181.7 -65.0985
181.72 -65.0985
181.74 -65.0985
181.76 -65.0985
181.78 -65.0985
181.8 -65.0985
181.82 -65.0985
181.84 -65.0985
181.86 -65.0985
181.88 -65.0985
181.9 -65.0985
181.92 -65.0985
181.94 -65.0985
181.96 -65.0985
181.98 -65.0984
182 -65.0984
182.02 -65.0984
182.04 -65.0984
182.06 -65.0984
182.08 -65.0984
182.1 -65.0984
182.12 -65.0984
182.14 -65.0984
182.16 -65.0984
182.18 -65.0984
182.2 -65.0984
182.22 -65.0984
182.24 -65.0984
182.26 -65.0984
182.28 -65.0984
182.3 -65.0984
182.32 -65.0984
182.34 -65.0983
182.36 -65.0983
182.38 -65.0983
182.4 -65.0983
182.42 -65.0983
182.44 -65.0983
182.46 -65.0983
182.48 -65.0983
182.5 -65.0983
182.52 -65.0983
182.54 -65.0983
182.56 -65.0983
182.58 -65.0983
182.6 -65.0983
182.62 -65.0983
182.64 -65.0983
182.66 -65.0983
182.68 -65.0983
182.7 -65.0983
182.72 -65.0983
182.74 -65.0982
182.76 -65.0982
182.78 -65.0982
182.8 -65.0982
182.82 -65.0982
182.84 -65.0982
182.86 -65.0982
182.88 -65.0982
182.9 -65.0982
182.92 -65.0982
182.94 -65.0982
182.96 -65.0982
182.98 -65.0982
183 -65.0982
183.02 -65.0982
183.04 -65.0982
183.06 -65.0982
183.08 -65.0982
183.1 -65.0982
183.12 -65.0982
183.14 -65.0982
183.16 -65.0982
183.18 -65.0982
183.2 -65.0982
183.22 -65.0982
183.24 -65.0981
183.26 -65.0981
183.28 -65.0981
183.3 -65.0981
183.32 -65.0981
183.34 -65.0981
183.36 -65.0981
183.38 -65.0981
183.4 -65.0981
183.42 -65.0981
183.44 -65.0981
183.46 -65.0981
183.48 -65.0981
183.5 -65.0981
183.52 -65.0981
183.54 -65.0981
183.56 -65.0981
183.58 -65.0981
183.6 -65.0981
183.62 -65.0981
183.64 -65.0981
183.66 -65.0981
183.68 -65.0981
183.7 -65.0981
183.72 -65.0981
183.74 -65.0981
183.76 -65.0981
183.78 -65.0981
183.8 -65.0981
183.82 -65.0981
183.84 -65.0981
183.86 -65.0981
183.88 -65.0981
183.9 -65.098
183.92 -65.098
183.94 -65.098
183.96 -65.098
183.98 -65.098
184 -65.098
184.02 -65.098
184.04 -65.098
184.06 -65.098
184.08 -65.098
184.1 -65.098
184.12 -65.098
184.14 -65.098
184.16 -65.098
184.18 -65.098
184.2 -65.098
184.22 -65.098
184.24 -65.098
184.26 -65.098
184.28 -65.098
184.3 -65.098
184.32 -65.098
184.34 -65.098
184.36 -65.098
184.38 -65.098
184.4 -65.098
184.42 -65.098
184.44 -65.098
184.46 -65.098
184.48 -65.098
184.5 -65.098
184.52 -65.098
184.54 -65.098
184.56 -65.098
184.58 -65.098
184.6 -65.098
184.62 -65.098
184.64 -65.098
184.66 -65.098
184.68 -65.098
184.7 -65.098
184.72 -65.098
184.74 -65.098
184.76 -65.098
184.78 -65.098
184.8 -65.098
184.82 -65.098
184.84 -65.098
184.86 -65.098
184.88 -65.098
184.9 -65.098
184.92 -65.098
184.94 -65.098
184.96 -65.098
184.98 -65.098
185 -65.098
185.02 -65.098
185.04 -65.098
185.06 -65.098
185.08 -65.098
185.1 -65.098
185.12 -65.098
185.14 -65.098
185.16 -65.098
185.18 -65.098
185.2 -65.098
185.22 -65.098
185.24 -65.098
185.26 -65.098
185.28 -65.098
185.3 -65.098
