Time	X	Y
0	2.49107	30.4865
0.1	2.25	30.0811
0.2	2.25	30.1622
0.3	2.25	28.2973
0.4	2.25	28.2973
0.5	2.08929	26.7568
0.6	1.60714	25.1351
0.7	1.60714	25.1351
0.8	1.52679	22.9459
0.9	1.52679	22.9459
1	1.60714	21.8919
1.1	1.52679	21.2432
1.2	1.28571	20.3514
1.3	1.20536	19.7838
1.4	1.20536	19.7838
1.5	1.52679	17.9189
1.6	1.52679	17.9189
1.7	1.36607	17.2703
1.8	1.28571	17.1081
1.9	1.28571	17.1081
2	1.44643	17.027
2.1	1.44643	17.027
2.2	1.44643	17.1081
2.3	1.44643	17.2703
2.4	1.44643	17.1892
2.5	1.44643	17.1892
2.6	1.44643	17.1892
2.7	1.44643	17.1892
2.8	1.44643	17.1892
2.9	1.36607	16.2973
3	1.60714	16.4595
3.1	1.60714	16.4595
3.2	2.16964	15.3243
3.3	2.41071	14.7568
3.4	3.05357	13.6216
3.5	3.69643	12.3243
3.6	4.41964	11.5946
3.7	4.66071	11.5946
3.8	5.0625	11.3514
3.9	5.0625	11.3514
4	5.14286	11.6757
4.1	5.14286	12.0811
4.2	5.22321	12.3243
4.3	5.70536	12.7297
4.4	6.75	13.1351
4.5	8.19643	13.8649
4.6	9.16071	14.5135
4.7	9.16071	14.5135
4.8	10.9286	15.7297
4.9	10.9286	15.7297
5	10.9286	15.6486
5.1	10.9286	15.6486
5.2	11.3304	15.8919
5.3	11.5714	16.0541
5.4	11.5714	16.0541
5.5	13.5	18.2432
5.6	13.5	18.2432
5.7	14.7054	19.7027
5.8	15.3482	20.4324
5.9	16.4732	21.973
6	16.9554	22.8649
6.1	17.2768	23.1081
6.2	17.2768	23.1081
6.3	19.6875	23.8378
6.4	19.6875	23.8378
6.5	22.3393	24.8919
6.6	22.3393	24.8919
6.7	24.0268	25.2973
6.8	24.8304	25.7027
6.9	25.9554	26.5946
7	26.8393	27
7.1	26.8393	27
7.2	27.7232	27.6486
7.3	28.2857	28.1351
7.4	29.3304	29.5946
7.5	30.6161	30.6486
7.6	30.6161	30.6486
7.7	31.7411	31.9459
7.8	31.7411	31.9459
7.9	32.3036	32.5135
8	32.4643	32.5135
8.1	32.625	32.6757
8.2	32.625	32.6757
8.3	32.625	32.5946
8.4	32.625	32.5946
8.5	32.5446	32.5135
8.6	32.5446	32.5135
8.7	32.625	32.5946
8.8	32.625	32.5946
8.9	32.625	32.5946
9	32.625	32.5946
9.1	32.5446	32.5135
9.2	32.5446	32.5135
9.3	32.4643	32.4324
9.4	32.4643	32.4324
9.5	32.4643	32.4324
9.6	32.4643	32.4324
9.7	32.5446	32.4324
9.8	32.7857	32.6757
9.9	32.9464	33.0811
10	32.7857	33.2432
10.1	32.7857	33.3243
10.2	32.7857	33.3243
10.3	32.9464	33.5676
10.4	32.9464	33.5676
10.5	33.0268	33.5676
10.6	33.0268	33.4865
10.7	33.0268	33.4865
10.8	32.7054	32.9189
10.9	32.7054	32.9189
11	32.7054	32.2703
11.1	32.7857	31.3784
11.2	32.7857	31.3784
11.3	33.75	29.027
11.4	33.75	29.027
11.5	34.6339	25.7027
11.6	34.5536	24.6486
11.7	34.4732	22.4595
11.8	34.5536	20.1081
11.9	34.5536	20.1892
12	34.3125	16.7027
12.1	34.3125	16.7027
12.2	34.3929	14.3514
12.3	34.2321	12
12.4	34.2321	12
12.5	34.2321	8.02703
12.6	34.2321	8.02703
12.7	33.9911	6.40541
12.8	33.9107	5.67568
12.9	34.0714	4.2973
13	33.9911	4.13514
13.1	33.9911	4.13514
13.2	33.9107	4.21622
13.3	33.9107	4.2973
13.4	33.9107	4.2973
13.5	33.9107	4.2973
13.6	33.9911	4.2973
13.7	33.9911	4.21622
13.8	33.9911	4.21622
13.9	33.9911	4.62162
14	34.0714	4.7027
14.1	34.1518	4.7027
14.2	34.1518	4.7027
14.3	34.2321	4.7027
14.4	34.2321	4.7027
14.5	34.3125	4.54054
14.6	34.3125	4.54054
14.7	34.3125	4.37838
14.8	34.2321	4.13514
14.9	33.8304	4.21622
15	33.6696	4.2973
15.1	33.1071	4.21622
15.2	32.4643	3.56757
15.3	32.4643	3.56757
15.4	31.9821	2.91892
15.5	31.7411	2.59459
15.6	31.1786	2.18919
15.7	30.6964	2.27027
15.8	30.4554	2.10811
15.9	30.2946	1.94595
16	30.375	1.86486
16.1	30.375	1.86486
16.2	30.2946	1.86486
16.3	30.2946	1.86486
16.4	30.375	1.86486
16.5	30.4554	1.86486
16.6	30.4554	1.86486
16.7	30.4554	1.86486
16.8	30.5357	1.86486
16.9	30.5357	1.86486
17	30.5357	1.78378
17.1	30.5357	1.78378
17.2	30.2946	1.7027
17.3	29.4911	1.78378
17.4	29.25	2.10811
17.5	28.125	2.35135
17.6	26.3571	2.51351
17.7	26.3571	2.51351
17.8	23.0625	3.72973
17.9	23.0625	3.72973
18	21.0536	4.62162
18.1	19.8482	5.59459
18.2	18.4821	6.48649
18.3	17.7589	7.13514
18.4	16.9554	8.75676
18.5	16.7143	9.40541
18.6	16.7143	9.40541
18.7	16.2321	11.3514
18.8	16.2321	12.1622
18.9	15.9911	13.8649
19	15.75	14.5135
19.1	15.5893	15
19.2	15.1875	16.0541
19.3	14.7857	16.7838
19.4	14.7857	16.7838
19.5	13.4196	18.4054
19.6	12.2946	19.7838
19.7	11.25	21.0811
19.8	10.5268	21.6486
19.9	9.48214	22.7027
20	9	23.8378
20.1	9	23.8378
20.2	8.51786	24.8919
20.3	8.27679	25.2973
20.4	8.11607	26.7568
20.5	8.19643	28.2973
20.6	7.95536	29.6757
20.7	7.875	30.4054
20.8	7.95536	31.2973
20.9	7.875	31.5405
21	7.875	31.5405
21.1	7.3125	31.9459
21.2	6.75	32.2703
21.3	5.94643	32.5135
21.4	5.54464	32.7568
21.5	4.82143	33.1622
21.6	4.41964	33.0811
21.7	4.41964	33.0811
21.8	4.41964	33
21.9	4.41964	33
22	4.33929	32.9189
22.1	4.25893	32.9189
22.2	4.25893	32.9189
22.3	4.41964	32.8378
22.4	4.33929	32.7568
22.5	4.33929	32.7568
22.6	4.33929	32.7568
22.7	4.33929	32.8378
22.8	4.33929	32.8378
22.9	4.41964	32.8378
23	4.41964	32.8378
23.1	4.41964	32.8378
23.2	4.41964	32.7568
23.3	4.41964	32.7568
23.4	4.41964	32.8378
23.5	4.41964	32.8378
23.6	4.5	32.7568
23.7	4.41964	32.8378
23.8	4.5	32.8378
23.9	4.5	32.8378
24	4.5	32.8378
24.1	4.41964	32.7568
24.2	4.41964	32.7568
24.3	4.5	32.6757
24.4	4.58036	32.6757
24.5	4.82143	32.6757
24.6	4.82143	32.7568
24.7	4.82143	32.7568
24.8	4.74107	32.9189
24.9	4.66071	33
25	4.66071	33.0811
25.1	4.58036	33.1622
25.2	4.58036	33.1622
25.3	4.66071	33.0811
25.4	4.82143	32.9189
25.5	4.74107	32.9189
25.6	4.74107	32.7568
25.7	4.74107	32.7568
25.8	4.09821	32.2703
25.9	3.85714	32.027
26	3.53571	31.3784
26.1	3.375	31.2162
26.2	3.375	31.2162
26.3	2.41071	30.6486
26.4	2.33036	30.6486
26.5	2.49107	30.5676
26.6	2.41071	30.5676
26.7	2.41071	30.5676
26.8	2.25	30.3243
26.9	2.25	30.3243
27	2.33036	30.4054
27.1	2.33036	30.4054
27.2	2.08929	30
27.3	1.92857	29.5946
27.4	2.33036	29.2703
27.5	2.73214	28.9459
27.6	2.73214	28.9459
27.7	2.89286	28.3784
27.8	2.73214	28.4595
27.9	2.8125	28.2973
28	2.8125	28.2162
28.1	2.97321	27.8919
28.2	2.97321	27.8919
28.3	3.29464	27.4865
28.4	4.01786	27.0811
28.5	4.5	26.8378
28.6	6.99107	26.5135
28.7	6.99107	26.5135
28.8	8.03571	26.4324
28.9	10.125	26.027
29	11.6518	26.027
29.1	12.7768	26.027
29.2	13.4196	25.8649
29.3	15.2679	25.8649
29.4	15.2679	25.8649
29.5	17.6786	26.1081
29.6	19.6071	26.1892
29.7	19.9286	26.1892
29.8	20.3304	26.5135
29.9	20.3304	26.5135
30	20.5714	26.6757
30.1	21.2946	27.0811
30.2	23.1429	27.4054
30.3	24.9107	27.7297
30.4	25.5536	28.0541
30.5	27.0804	28.9459
30.6	28.7679	29.4324
30.7	28.7679	29.4324
30.8	30.2143	29.5135
30.9	30.8571	29.5135
31	31.8214	29.9189
31.1	31.9018	29.8378
31.2	31.9018	29.8378
31.3	31.8214	29.9189
31.4	31.8214	29.9189
31.5	31.8214	30
31.6	31.8214	30
31.7	31.9821	30.2432
31.8	32.2232	30.3243
31.9	32.2232	30.3243
32	32.7054	30.8919
32.1	32.7054	30.8919
32.2	32.625	30.973
32.3	32.625	31.0541
32.4	32.7857	31.3784
32.5	33.0268	31.7027
32.6	33.4286	32.027
32.7	33.4286	32.027
32.8	33.5089	32.1081
32.9	33.3482	32.1081
33	33.3482	32.1892
33.1	33.3482	32.1081
33.2	33.3482	32.1081
33.3	33.1875	32.1892
33.4	33.1875	32.1892
33.5	33.0268	32.1081
33.6	33.0268	31.9459
33.7	32.9464	31.4595
33.8	32.8661	31.1351
33.9	32.8661	31.0541
34	32.8661	31.0541
34.1	33.0268	31.0541
34.2	33.2679	31.0541
34.3	33.3482	30.973
34.4	33.5089	30.8108
34.5	33.1875	30.8919
34.6	32.9464	30.6486
34.7	32.9464	30.6486
34.8	32.8661	30.3243
34.9	32.3839	29.1081
35	32.4643	28.5405
35.1	32.7054	27.2432
35.2	32.9464	26.4324
35.3	32.9464	26.4324
35.4	33.4286	23.5135
35.5	33.3482	22.7027
35.6	33.5893	21.8108
35.7	33.9911	21.6486
35.8	34.1518	21.4054
35.9	34.1518	21.4054
36	34.2321	21.0811
36.1	34.2321	18.8108
36.2	34.2321	17.9189
36.3	34.5536	16.1351
36.4	34.5536	16.1351
36.5	34.7143	15
36.6	34.4732	14.1081
36.7	34.3929	14.1081
36.8	34.3929	14.1892
36.9	34.3929	14.1892
37	34.3929	14.027
37.1	34.3929	14.1892
37.2	34.3929	14.1081
37.3	34.3929	14.027
37.4	34.3929	14.027
37.5	34.3929	13.3784
37.6	34.4732	13.0541
37.7	34.6339	12.5676
37.8	34.7143	12.1622
37.9	34.7143	12.1622
38	34.3929	11.3514
38.1	34.3929	11.3514
38.2	34.2321	11.2703
38.3	34.2321	11.4324
38.4	34.3125	11.7568
38.5	34.2321	11.9189
38.6	34.2321	11.9189
38.7	34.2321	12
38.8	34.2321	12.1622
38.9	34.1518	12.1622
39	34.1518	12.3243
39.1	34.1518	12.3243
39.2	34.2321	12.4054
39.3	33.8304	12.5676
39.4	33.8304	12.5676
39.5	33.6696	12.8108
39.6	33.6696	12.8108
39.7	33.6696	13.1351
39.8	33.5893	13.2973
39.9	33.5089	13.7838
40	33.5089	13.9459
40.1	33.5089	14.1081
40.2	33.4286	14.1081
40.3	33.3482	13.7027
40.4	33.3482	13.7027
40.5	33.4286	13.5405
40.6	33.4286	13.7838
40.7	33.5089	13.8649
40.8	33.6696	14.027
40.9	33.75	14.1081
41	33.8304	14.1081
41.1	33.8304	14.027
41.2	33.8304	14.027
41.3	33.9107	13.8649
41.4	33.9107	13.8649
41.5	33.9107	13.6216
41.6	33.8304	13.6216
41.7	33.8304	13.6216
41.8	33.6696	13.3784
41.9	33.6696	13.3784
42	33.6696	13.0541
42.1	33.5089	13.0541
42.2	33.0268	13.5405
42.3	32.5446	13.3784
42.4	32.625	13.3784
42.5	32.1429	12.8108
42.6	32.1429	12.8108
42.7	32.1429	12.7297
42.8	32.0625	12.5676
42.9	32.0625	12.6486
43	32.1429	12.6486
43.1	32.1429	12.6486
43.2	32.0625	12.6486
43.3	32.0625	12.6486
43.4	32.0625	12.6486
43.5	32.0625	12.6486
43.6	32.0625	12.6486
43.7	32.0625	12.7297
43.8	32.1429	12.8108
43.9	32.7857	13.8649
44	32.7857	14.4324
44.1	32.7857	14.3514
44.2	32.4643	15.2432
44.3	31.4196	16.2162
44.4	29.8125	17.3514
44.5	28.9286	18.0811
44.6	28.9286	18.0811
44.7	25.7143	20.5135
44.8	24.6696	21.1622
44.9	22.2589	23.2703
45	21.2946	23.9189
45.1	19.7679	25.2162
45.2	19.0446	26.027
45.3	19.0446	26.027
45.4	16.3929	28.2162
45.5	15.6696	29.027
45.6	14.1429	30.8919
45.7	12.9375	32.027
45.8	12.9375	32.027
45.9	12.5357	32.5135
46	12.4554	32.5946
46.1	12.375	32.5135
46.2	12.4554	32.3514
46.3	12.7768	32.1892
46.4	12.9375	32.1081
46.5	13.2589	32.1892
46.6	13.2589	32.1892
46.7	13.2589	32.2703
46.8	13.5804	32.1892
46.9	13.6607	32.1892
47	13.9018	32.2703
47.1	13.9018	32.2703
47.2	14.0625	32.4324
47.3	14.1429	32.5135
47.4	14.3839	32.6757
47.5	14.8661	33
47.6	14.8661	33
47.7	15.9107	33.3243
47.8	17.0357	33.4054
47.9	17.3571	33.4054
48	17.5982	33.4865
48.1	17.8393	33.5676
48.2	17.8393	33.5676
48.3	18.2411	33.5676
48.4	18.5625	33.4865
48.5	18.5625	33.2432
48.6	18.4018	33.0811
48.7	18.3214	32.8378
48.8	18.1607	32.7568
48.9	18.1607	32.7568
49	18	32.6757
49.1	18	32.6757
49.2	18.0804	32.8378
49.3	18.0804	32.8378
49.4	18	32.8378
49.5	18	32.8378
49.6	18.0804	32.6757
49.7	18.0804	32.5946
49.8	18.0804	32.5946
49.9	18.0804	32.6757
50	17.9196	32.7568
50.1	16.9554	33
50.2	15.5893	33.4054
50.3	13.9821	33.8108
50.4	13.9821	33.8108
50.5	12.0536	34.1351
50.6	10.4464	34.2162
50.7	9.72321	34.2162
50.8	8.83929	34.2162
50.9	7.79464	34.1351
51	6.66964	34.1351
51.1	6.66964	34.1351
51.2	6.1875	34.1351
51.3	5.46429	34.1351
51.4	5.70536	34.2162
51.5	5.78571	34.1351
51.6	5.78571	34.1351
51.7	5.78571	34.2162
51.8	5.54464	34.2973
51.9	5.30357	34.2973
52	5.625	34.2162
52.1	5.625	34.1351
52.2	5.625	34.1351
52.3	5.54464	34.1351
52.4	5.46429	34.1351
52.5	5.14286	34.1351
52.6	4.58036	34.1351
52.7	4.5	34.1351
52.8	4.82143	34.1351
52.9	4.82143	34.1351
53	5.22321	34.2162
53.1	4.58036	34.1351
53.2	4.09821	33.7297
53.3	3.69643	33.4054
53.4	3.69643	33.4054
53.5	2.89286	32.7568
53.6	2.73214	32.6757
53.7	2.65179	32.6757
53.8	2.73214	32.7568
53.9	2.73214	32.6757
54	2.73214	32.6757
54.1	2.73214	32.6757
54.2	2.73214	32.6757
54.3	2.73214	32.7568
54.4	2.8125	32.7568
54.5	2.8125	32.9189
54.6	2.8125	32.9189
54.7	2.89286	33.0811
54.8	2.89286	33.0811
54.9	2.89286	33.0811
55	2.89286	33.0811
55.1	2.65179	32.8378
55.2	2.65179	32.8378
55.3	2.57143	32.7568
55.4	2.41071	32.4324
55.5	2.49107	32.2703
55.6	2.65179	32.1892
55.7	2.65179	32.1892
55.8	2.65179	31.7027
55.9	2.65179	30.5676
56	2.65179	30.5676
56.1	2.41071	30.0811
56.2	2.33036	30
56.3	2.16964	29.7568
56.4	2.08929	29.8378
56.5	2.08929	29.7568
56.6	2.00893	29.8378
56.7	1.92857	29.9189
56.8	2.00893	30
56.9	2.00893	30
57	1.92857	30
57.1	1.92857	29.8378
57.2	1.92857	29.8378
57.3	2.65179	29.5135
57.4	2.65179	29.5135
57.5	3.13393	28.8649
57.6	3.21429	28.2162
57.7	3.21429	28.2162
57.8	3.77679	25.0541
57.9	3.85714	23.3514
58	3.85714	23.3514
58.1	4.09821	21.5676
58.2	3.77679	19.2973
58.3	3.53571	18.2432
58.4	3.29464	16.5405
58.5	2.65179	14.9189
58.6	2.65179	14.9189
58.7	2.00893	13.2162
58.8	1.84821	12.1622
58.9	1.76786	10.3784
59	1.52679	8.83784
59.1	1.44643	7.37838
59.2	1.44643	7.37838
59.3	1.60714	6.64865
59.4	1.60714	5.27027
59.5	1.44643	4.45946
59.6	1.52679	4.37838
59.7	1.52679	4.45946
59.8	1.52679	4.62162
59.9	1.60714	4.78378
60	1.6875	4.78378
60.1	1.6875	4.78378
60.2	1.6875	4.78378
60.3	1.60714	4.78378
60.4	1.60714	4.86486
60.5	1.6875	4.7027
60.6	1.76786	4.45946
60.7	1.76786	4.45946
60.8	1.6875	4.54054
60.9	1.6875	4.54054
61	1.6875	4.54054
61.1	1.60714	4.54054
61.2	1.60714	4.54054
61.3	1.36607	4.21622
61.4	1.36607	4.21622
61.5	1.52679	3.48649
61.6	1.52679	3.48649
61.7	1.76786	3
61.8	1.76786	2.83784
61.9	1.6875	2.91892
62	1.60714	3.08108
62.1	1.60714	3
62.2	1.36607	3.32432
62.3	1.36607	3.32432
62.4	1.92857	3.32432
62.5	2.8125	3.56757
62.6	3.9375	3.16216
62.7	4.74107	3
62.8	6.50893	2.75676
62.9	6.50893	2.75676
63	8.35714	2.51351
63.1	10.2857	2.67568
63.2	11.25	2.75676
63.3	13.1786	2.67568
63.4	15.1071	2.67568
63.5	15.1071	2.67568
63.6	17.3571	2.51351
63.7	17.3571	2.51351
63.8	18.9643	2.10811
63.9	20.1696	2.02703
64	20.4911	1.86486
64.1	20.4107	1.78378
64.2	20.25	1.7027
64.3	20.0089	1.86486
64.4	20.0089	1.86486
64.5	19.8482	1.86486
64.6	19.6875	1.86486
64.7	19.6071	1.86486
64.8	19.6071	1.86486
64.9	19.6875	1.78378
65	20.4911	1.54054
65.1	20.8125	1.62162
65.2	20.8125	1.62162
65.3	21.2143	2.18919
65.4	22.0982	2.51351
65.5	23.0625	3.08108
65.6	23.4643	3.40541
65.7	23.4643	3.40541
65.8	25.3125	4.13514
65.9	25.3125	4.13514
66	25.7143	4.54054
66.1	25.7143	4.54054
66.2	26.2768	4.7027
66.3	26.5982	4.94595
66.4	26.5982	4.94595
66.5	27.2411	4.86486
66.6	27.8839	4.86486
66.7	27.8839	4.86486
66.8	28.4464	5.43243
66.9	28.8482	5.51351
67	29.1696	5.43243
67.1	29.9732	5.10811
67.2	30.8571	5.02703
67.3	31.4196	5.27027
67.4	31.4196	5.27027
67.5	31.5	5.27027
67.6	32.1429	5.67568
67.7	32.2232	5.83784
67.8	32.625	5.91892
67.9	32.625	5.91892
68	32.8661	5.75676
68.1	32.8661	5.35135
68.2	32.8661	5.35135
68.3	32.8661	5.02703
68.4	32.8661	4.86486
68.5	32.7857	4.78378
68.6	32.7054	4.86486
68.7	32.7054	4.86486
68.8	32.4643	5.18919
68.9	32.4643	5.18919
69	32.625	5.18919
69.1	32.5446	5.02703
69.2	32.5446	5.02703
69.3	32.5446	4.7027
69.4	32.5446	4.62162
69.5	31.9018	4.94595
69.6	31.7411	5.02703
69.7	31.7411	5.02703
69.8	32.0625	4.05405
69.9	32.0625	4.05405
70	32.625	3.24324
70.1	32.8661	3.08108
70.2	33.1875	2.75676
70.3	33.4286	2.51351
70.4	33.4286	2.51351
70.5	33.3482	2.18919
70.6	33.3482	2.18919
70.7	33.2679	2.18919
70.8	33.2679	2.18919
70.9	33.1875	2.27027
71	33.1071	2.35135
71.1	33.1071	2.35135
71.2	33.1071	2.43243
71.3	33.0268	2.43243
71.4	32.9464	2.43243
71.5	32.8661	2.35135
71.6	32.7054	2.51351
71.7	32.7054	2.51351
71.8	32.7857	2.43243
71.9	32.7857	2.43243
72	33.1071	2.18919
72.1	33.1071	2.59459
72.2	33.1071	2.83784
72.3	32.9464	3.48649
72.4	32.8661	4.7027
72.5	32.8661	6.16216
72.6	33.1071	7.05405
72.7	33.1071	7.05405
72.8	33.4286	9.56757
72.9	33.2679	12.4054
73	33.5893	15.0811
73.1	33.6696	16.4595
73.2	33.8304	18.6486
73.3	33.9911	19.3784
73.4	33.9911	19.3784
73.5	34.0714	22.7027
73.6	34.0714	22.7027
73.7	34.1518	24.5676
73.8	34.2321	25.7838
73.9	34.0714	28.3784
74	34.0714	30.1622
74.1	34.0714	30.1622
74.2	34.0714	31.2973
74.3	34.0714	30.6486
74.4	34.0714	30.6486
74.5	34.3125	30.4054
74.6	34.3929	30.2432
74.7	34.3929	30.2432
74.8	34.3929	30.2432
74.9	34.3929	30.0811
75	34.3929	30.0811
75.1	34.4732	30.3243
75.2	34.4732	30.5676
75.3	33.9911	30.4054
75.4	33.5893	30.5676
75.5	33.2679	30.6486
75.6	33.2679	30.6486
75.7	33.5089	30.1622
75.8	33.5089	30.1622
75.9	33.75	29.9189
76	33.75	30.0811
76.1	33.9107	30.4865
76.2	33.9107	30.7297
76.3	33.9107	30.7297
76.4	33.8304	30.4054
76.5	33.75	30.0811
76.6	33.5089	29.3514
76.7	33.4286	29.1081
76.8	32.625	28.6216
76.9	32.625	28.6216
77	30.8571	28.3784
77.1	28.6875	28.3784
77.2	27.4018	28.2162
77.3	26.1161	28.0541
77.4	22.8214	28.2162
77.5	21.4554	28.2973
77.6	20.1696	28.2973
77.7	20.1696	28.2973
77.8	16.6339	29.5135
77.9	15.6696	29.9189
78	13.9821	30.8108
78.1	13.0179	31.6216
78.2	12.6161	31.6216
78.3	12.375	31.7027
78.4	12.375	31.7027
78.5	10.125	33
78.6	10.0446	33
78.7	9.24107	33.4865
78.8	8.83929	33.4865
78.9	8.11607	33.4865
79	7.55357	33.5676
79.1	7.55357	33.5676
79.2	6.83036	33.7297
79.3	6.66964	33.8108
79.4	6.58929	33.8108
79.5	6.58929	33.8108
79.6	6.58929	33.8108
79.7	6.58929	33.8919
79.8	6.42857	33.973
79.9	6.02679	34.0541
80	5.625	34.0541
80.1	5.54464	34.0541
80.2	4.74107	33.973
80.3	4.5	34.0541
80.4	4.25893	34.2162
80.5	4.66071	34.2973
80.6	5.625	34.2973
80.7	5.78571	34.2162
80.8	5.78571	34.2162
80.9	5.14286	34.2162
81	5.14286	34.2162
81.1	5.0625	34.2162
81.2	5.0625	34.2162
81.3	5.0625	34.2162
81.4	4.82143	34.1351
81.5	4.66071	34.1351
81.6	4.5	33.973
81.7	4.58036	33.973
81.8	4.41964	33.8919
81.9	4.25893	33.7297
82	4.09821	33.4054
82.1	4.09821	33.4054
82.2	3.53571	33.0811
82.3	3.375	33
82.4	3.29464	33
82.5	3.375	33
82.6	3.375	33
82.7	3.375	32.9189
82.8	3.375	32.7568
82.9	3.29464	32.5135
83	3.21429	32.1892
83.1	3.13393	32.1892
83.2	3.13393	32.1892
83.3	3.13393	32.2703
83.4	3.13393	32.2703
83.5	3.13393	32.2703
83.6	3.13393	32.2703
83.7	3.13393	32.2703
83.8	3.13393	32.2703
83.9	3.05357	32.1081
84	2.97321	32.027
84.1	2.97321	32.027
84.2	2.73214	31.7838
84.3	2.33036	31.3784
84.4	2.33036	31.0541
84.5	2.33036	31.0541
84.6	2.33036	31.0541
84.7	2.25	30.973
84.8	2.25	30.6486
84.9	2.33036	30.0811
85	2.33036	29.8378
85.1	2.08929	29.2703
85.2	1.76786	28.8649
85.3	1.76786	28.8649
85.4	1.92857	28.6216
85.5	2.00893	28.6216
85.6	1.92857	28.4595
85.7	1.76786	28.4595
85.8	1.76786	28.6216
85.9	1.76786	28.6216
86	1.76786	28.6216
86.1	1.84821	28.7027
86.2	1.84821	28.7838
86.3	1.76786	28.7027
86.4	1.76786	28.5405
86.5	1.76786	28.6216
86.6	2.00893	28.6216
86.7	2.16964	28.5405
86.8	2.16964	27.8919
86.9	1.92857	27.0811
87	1.92857	27.0811
87.1	1.84821	26.5135
87.2	1.92857	26.4324
87.3	1.92857	26.3514
87.4	1.92857	26.3514
87.5	1.92857	26.3514
87.6	1.92857	26.2703
87.7	2.00893	26.2703
87.8	1.92857	25.8649
87.9	2.00893	25.7027
88	1.92857	25.6216
88.1	1.76786	25.2162
88.2	1.76786	25.2162
88.3	1.60714	24.1622
88.4	1.60714	24.1622
88.5	1.76786	23.6757
88.6	1.76786	23.5946
88.7	1.76786	23.5946
88.8	1.76786	23.4324
88.9	1.76786	23.4324
89	1.6875	22.8649
89.1	1.6875	22.6216
89.2	1.60714	22.1351
89.3	1.36607	21.5676
89.4	1.36607	20.6757
89.5	1.44643	20.1892
89.6	1.44643	20.1892
89.7	1.60714	19.6216
89.8	1.6875	19.6216
89.9	1.6875	19.7027
90	1.6875	19.7838
90.1	1.6875	19.7838
90.2	1.6875	19.7838
90.3	1.60714	19.5405
90.4	1.60714	19.2973
90.5	1.6875	19.3784
90.6	1.6875	19.3784
90.7	1.76786	19.7838
90.8	1.84821	19.9459
90.9	1.92857	20.1081
91	1.84821	19.8649
91.1	1.84821	20.027
91.2	1.84821	20.027
91.3	1.84821	20.3514
91.4	1.92857	20.5946
91.5	1.92857	20.6757
91.6	2.00893	20.8378
91.7	2.00893	20.8378
91.8	2.16964	21.0811
91.9	2.16964	21.0811
92	2.16964	21.2432
92.1	2.25	21.4865
92.2	2.33036	21.8108
92.3	2.41071	21.8919
92.4	2.49107	22.0541
92.5	2.49107	22.2973
92.6	2.49107	22.2973
92.7	2.41071	23.2703
92.8	2.33036	23.7568
92.9	1.84821	24.8919
93	1.36607	25.9459
93.1	1.28571	27.4054
93.2	1.28571	27.4054
93.3	1.36607	28.0541
93.4	1.52679	29.3514
93.5	1.28571	30.4865
93.6	1.44643	31.2162
93.7	1.60714	31.2973
93.8	1.6875	31.2973
93.9	1.6875	31.2162
94	1.6875	31.2162
94.1	1.6875	31.2162
94.2	1.6875	31.2973
94.3	1.6875	31.2973
94.4	1.6875	31.3784
94.5	1.6875	31.7027
94.6	1.6875	31.7027
94.7	1.6875	31.7027
94.8	1.36607	31.8649
94.9	1.36607	31.9459
95	1.28571	32.1081
95.1	1.20536	32.1892
95.2	1.20536	32.1081
95.3	1.125	32.027
95.4	1.125	32.027
95.5	1.76786	32.027
95.6	1.76786	32.027
95.7	2.41071	32.5135
95.8	2.65179	32.6757
95.9	3.13393	33.1622
96	3.45536	33.3243
96.1	4.25893	33.4865
96.2	4.25893	33.4865
96.3	4.25893	33.5676
96.4	4.74107	33.7297
96.5	5.46429	33.8108
96.6	6.34821	33.8108
96.7	6.34821	33.8108
96.8	6.42857	33.7297
96.9	6.66964	33.8108
97	6.75	33.8108
97.1	6.83036	33.8108
97.2	6.91071	33.8108
97.3	7.15179	33.8108
97.4	7.47321	33.7297
97.5	8.19643	33.6486
97.6	9	33.6486
97.7	9	33.6486
97.8	9.80357	33.5676
97.9	9.80357	33.5676
98	10.5268	33.7297
98.1	10.9286	33.8108
98.2	10.6875	33.8919
98.3	10.3661	33.8919
98.4	10.3661	33.8919
98.5	9.40179	33.973
98.6	9.40179	33.973
98.7	8.91964	33.8108
98.8	8.91964	33.8919
98.9	9	33.8919
99	9	33.973
99.1	9.08036	34.0541
99.2	9.08036	34.0541
99.3	10.2857	34.0541
99.4	10.2857	34.0541
99.5	11.25	33.973
99.6	11.1696	33.973
99.7	11.0089	33.973
99.8	10.8482	33.973
99.9	10.8482	33.973
100	10.3661	33.8108
100.1	10.3661	33.8108
100.2	10.2857	33.4865
100.3	10.0446	33.2432
100.4	9.5625	33.0811
100.5	9.24107	33
100.6	9.16071	33
100.7	9.16071	32.8378
100.8	9.24107	32.6757
100.9	9.24107	32.6757
101	9.24107	32.4324
101.1	8.75893	32.1892
101.2	8.4375	32.1081
101.3	7.875	32.2703
101.4	7.39286	32.5135
101.5	7.39286	32.5135
101.6	6.75	32.3514
101.7	5.94643	32.3514
101.8	5.38393	32.3514
101.9	5.14286	32.3514
102	5.14286	32.3514
102.1	4.90179	32.6757
102.2	4.90179	32.6757
102.3	4.98214	32.7568
102.4	4.98214	32.9189
102.5	5.0625	33
102.6	4.98214	33.1622
102.7	4.98214	33.1622
102.8	4.66071	33.4054
102.9	4.5	33.2432
103	4.5	33.1622
103.1	4.5	33.1622
103.2	4.5	33.1622
103.3	4.58036	33
103.4	4.58036	33
103.5	4.66071	33
103.6	4.58036	33.1622
103.7	4.58036	33.1622
103.8	4.33929	33.1622
103.9	4.33929	33.1622
104	4.25893	33
104.1	4.25893	33
104.2	4.25893	32.8378
104.3	4.5	32.6757
104.4	4.5	32.6757
104.5	4.90179	32.1081
104.6	4.82143	32.1081
104.7	4.90179	32.1892
104.8	4.90179	32.2703
104.9	4.98214	32.2703
105	4.90179	32.1892
105.1	4.90179	32.1081
105.2	5.0625	32.2703
105.3	5.14286	32.3514
105.4	5.14286	32.3514
105.5	5.22321	32.4324
105.6	5.22321	32.5135
105.7	4.98214	32.7568
105.8	4.66071	33.0811
105.9	4.66071	33.0811
106	4.74107	33.2432
106.1	4.74107	33.2432
106.2	4.98214	33.3243
106.3	5.0625	33.3243
106.4	5.30357	33.4054
106.5	5.38393	33.4054
106.6	5.38393	33.4054
106.7	5.46429	33.3243
106.8	5.54464	33.3243
106.9	5.46429	33.4054
107	5.30357	33.4054
107.1	5.38393	33
107.2	5.22321	32.6757
107.3	5.22321	32.6757
107.4	4.98214	32.3514
107.5	4.33929	31.7027
107.6	4.17857	31.3784
107.7	4.25893	31.4595
107.8	4.25893	31.5405
107.9	4.25893	31.5405
108	4.25893	31.4595
108.1	4.09821	31.2973
108.2	3.85714	31.1351
108.3	3.45536	30.7297
108.4	3.21429	30.4054
108.5	3.05357	30.1622
108.6	3.05357	30.1622
108.7	3.05357	30.0811
108.8	2.97321	29.9189
108.9	2.8125	29.7568
109	2.73214	29.5135
109.1	2.8125	29.3514
109.2	2.8125	29.3514
109.3	2.89286	29.3514
109.4	2.89286	29.3514
109.5	2.89286	29.3514
109.6	2.89286	29.3514
109.7	2.8125	29.2703
109.8	2.8125	29.2703
109.9	2.8125	29.2703
110	2.8125	29.2703
110.1	2.8125	29.2703
110.2	2.8125	29.1081
110.3	2.8125	29.1081
110.4	2.8125	29.1081
110.5	2.8125	29.1081
110.6	2.8125	29.1081
110.7	2.8125	29.1081
110.8	2.89286	29.1892
110.9	2.89286	29.1892
111	2.89286	29.1892
111.1	2.89286	29.1081
111.2	2.89286	29.1081
111.3	2.89286	29.1081
111.4	2.89286	29.1081
111.5	2.89286	29.1081
111.6	2.89286	29.1081
111.7	2.89286	29.027
111.8	2.89286	29.1081
111.9	2.89286	29.1081
112	2.89286	29.1081
112.1	2.89286	29.1081
112.2	2.89286	29.1081
112.3	2.89286	29.1892
112.4	2.89286	29.1892
112.5	2.89286	29.1081
112.6	2.89286	29.1081
112.7	2.89286	29.027
112.8	2.8125	29.027
112.9	2.8125	28.9459
113	2.8125	28.9459
113.1	2.8125	28.9459
113.2	2.8125	28.9459
113.3	2.73214	28.7838
113.4	2.73214	28.7838
113.5	2.65179	28.7027
113.6	2.65179	28.7027
113.7	2.65179	28.7027
113.8	2.65179	28.7838
113.9	2.73214	28.7838
114	2.73214	28.8649
114.1	2.73214	29.1081
114.2	2.73214	29.1081
114.3	2.8125	29.5135
114.4	2.8125	29.5135
114.5	2.73214	30.1622
114.6	2.65179	30.4865
114.7	2.57143	30.6486
114.8	2.65179	30.6486
114.9	2.65179	30.6486
115	2.57143	30.2432
115.1	2.57143	30.2432
115.2	2.8125	29.9189
115.3	3.13393	29.5946
115.4	3.13393	28.6216
115.5	3.05357	28.2973
115.6	3.05357	28.2973
115.7	2.97321	27.8919
115.8	2.97321	27.8108
115.9	2.97321	27.7297
116	2.89286	27.6486
116.1	2.89286	27.3243
116.2	2.8125	26.2703
116.3	2.8125	26.2703
116.4	3.13393	24.3243
116.5	3.29464	23.3514
116.6	3.375	21.4054
116.7	3.29464	19.0541
116.8	3.29464	19.0541
116.9	3.21429	16.1351
117	2.89286	14.3514
117.1	2.89286	14.3514
117.2	2.73214	12.3243
117.3	2.49107	11.3514
117.4	2.33036	11.1081
117.5	2.25	10.7838
117.6	2.49107	10.7838
117.7	2.49107	10.7838
117.8	2.41071	10.7838
117.9	2.41071	10.8649
118	2.41071	10.7838
118.1	2.41071	10.7838
118.2	2.41071	10.7838
118.3	2.41071	10.7838
118.4	2.41071	10.7838
118.5	2.41071	10.7838
118.6	2.41071	10.7838
118.7	2.41071	10.6216
118.8	2.57143	10.5405
118.9	2.73214	10.2973
119	3.05357	9.97297
119.1	3.05357	9.97297
119.2	3.45536	9.32432
119.3	3.61607	9.16216
119.4	4.17857	8.10811
119.5	4.33929	7.45946
119.6	4.33929	7.45946
119.7	4.82143	6.24324
119.8	4.98214	5.83784
119.9	4.58036	5.59459
120	4.41964	5.43243
120.1	4.17857	5.27027
120.2	4.17857	5.27027
120.3	4.09821	5.43243
120.4	4.17857	5.43243
120.5	4.17857	4.86486
120.6	4.09821	4.54054
120.7	4.09821	4.54054
120.8	4.09821	4.45946
120.9	4.33929	4.54054
121	4.17857	4.21622
121.1	4.17857	3.89189
121.2	4.25893	3.64865
121.3	4.41964	3
121.4	4.33929	2.75676
121.5	4.33929	2.75676
121.6	4.25893	2.83784
121.7	4.09821	2.91892
121.8	4.01786	3
121.9	4.01786	3.08108
122	4.01786	3.08108
122.1	4.09821	3.16216
122.2	4.17857	3.24324
122.3	4.5	3.08108
122.4	4.82143	3
122.5	5.14286	3.56757
122.6	5.70536	3.64865
122.7	5.70536	3.64865
122.8	6.83036	3.08108
122.9	8.75893	2.91892
123	10.5268	2.75676
123.1	11.4107	2.59459
123.2	11.4107	2.59459
123.3	13.2589	2.67568
123.4	14.5446	2.91892
123.5	15.2679	3
123.6	15.4286	3
123.7	15.4286	3
123.8	14.7054	3.08108
123.9	14.7054	3.08108
124	14.625	3.16216
124.1	14.7054	3.16216
124.2	14.7054	3.16216
124.3	14.625	3.08108
124.4	14.7054	3.08108
124.5	14.7054	3.08108
124.6	14.7054	3.08108
124.7	14.7054	3.08108
124.8	14.7054	3.08108
124.9	14.7054	3.08108
125	14.7054	3.08108
125.1	14.7054	3.08108
125.2	14.7054	3.08108
125.3	14.7857	3.08108
125.4	14.7857	3.08108
125.5	14.7054	3.08108
125.6	14.7054	3
125.7	14.7857	3.08108
125.8	14.7054	3.08108
125.9	14.8661	3.08108
126	14.8661	3.08108
126.1	14.8661	3.08108
126.2	15.1071	3
126.3	15.1875	2.91892
126.4	15.1875	2.83784
126.5	15.0268	2.75676
126.6	14.7857	2.75676
126.7	14.7857	2.75676
126.8	14.7857	2.75676
126.9	14.625	2.91892
127	14.625	2.91892
127.1	14.7054	2.91892
127.2	14.625	2.91892
127.3	14.7054	2.91892
127.4	14.625	2.91892
127.5	14.7054	2.91892
127.6	14.625	2.91892
127.7	14.625	2.91892
127.8	14.625	2.91892
127.9	14.625	2.91892
128	14.7857	2.91892
128.1	14.7054	2.83784
128.2	14.625	2.83784
128.3	14.7054	2.67568
128.4	14.7054	2.67568
128.5	15.0268	2.51351
128.6	15.0268	2.51351
128.7	14.8661	2.51351
128.8	14.7857	2.51351
128.9	14.7857	2.51351
129	15.1875	2.59459
129.1	15.4286	3
129.2	15.4286	3
129.3	15.4286	3.56757
129.4	15.8304	4.21622
129.5	15.9911	4.62162
129.6	16.6339	6.56757
129.7	16.6339	6.56757
129.8	16.9554	7.45946
129.9	17.3571	9.08108
130	17.4375	9.97297
130.1	16.9554	11.6757
130.2	16.9554	12.4865
130.3	16.9554	14.6757
130.4	16.7946	15.8108
130.5	16.6339	18
130.6	16.3929	20.1081
130.7	16.3929	20.1081
130.8	15.75	22.0541
130.9	15.4286	22.8649
131	15.0268	24.0811
131.1	13.9018	25.5405
131.2	13.9018	25.5405
131.3	12.2143	27.973
131.4	12.2143	27.973
131.5	11.1696	29.3514
131.6	10.3661	29.8378
131.7	10.2857	29.8378
131.8	8.75893	31.5405
131.9	8.75893	31.5405
132	6.75	32.6757
132.1	6.75	32.6757
132.2	5.70536	33.0811
132.3	5.38393	33.3243
132.4	4.98214	33.4865
132.5	4.82143	33.4054
132.6	4.74107	33.3243
132.7	4.74107	33.3243
132.8	4.82143	33.3243
132.9	5.0625	33.2432
133	5.14286	33.1622
133.1	5.30357	33
133.2	5.38393	32.9189
133.3	5.38393	32.9189
133.4	5.38393	32.9189
133.5	5.38393	32.8378
133.6	5.46429	32.8378
133.7	5.46429	32.8378
133.8	5.625	32.7568
133.9	5.625	32.7568
134	5.625	32.6757
134.1	5.70536	32.7568
134.2	5.70536	32.7568
134.3	5.38393	33.0811
134.4	5.38393	33.0811
134.5	5.14286	33.1622
134.6	4.98214	33.1622
134.7	4.82143	33.1622
134.8	4.66071	33.1622
134.9	4.66071	33.1622
135	4.74107	33.3243
135.1	4.74107	33.3243
135.2	4.74107	33.3243
135.3	4.82143	33.3243
135.4	4.82143	33.3243
135.5	4.82143	33.3243
135.6	4.82143	33.3243
135.7	4.82143	33.3243
135.8	4.82143	33.3243
135.9	4.82143	33.3243
136	4.82143	33.3243
136.1	4.82143	33.3243
136.2	4.82143	33.3243
136.3	4.82143	33.3243
136.4	4.82143	33.2432
136.5	4.74107	33.2432
136.6	4.74107	33.2432
136.7	4.74107	33.2432
136.8	4.82143	33.2432
136.9	4.82143	33.2432
137	4.82143	33.2432
137.1	4.82143	33.2432
137.2	4.82143	33.3243
137.3	4.82143	33.3243
137.4	4.82143	33.3243
137.5	4.82143	33.3243
137.6	4.82143	33.3243
137.7	4.82143	33.3243
137.8	4.90179	33.3243
137.9	4.90179	33.3243
138	4.90179	33.3243
138.1	4.90179	33.3243
138.2	4.90179	33.3243
138.3	4.90179	33.4054
138.4	4.90179	33.4054
138.5	4.90179	33.4054
138.6	4.90179	33.4054
138.7	4.98214	33.4054
138.8	4.98214	33.3243
138.9	4.98214	33.3243
139	5.0625	33.3243
139.1	5.0625	33.3243
139.2	5.0625	33.3243
139.3	5.0625	33.3243
139.4	5.0625	33.3243
139.5	5.14286	33.3243
139.6	5.14286	33.3243
139.7	5.14286	33.3243
139.8	5.14286	33.3243
139.9	5.14286	33.3243
140	5.14286	33.3243
140.1	5.14286	33.3243
140.2	5.14286	33.3243
140.3	5.14286	33.3243
140.4	5.14286	33.3243
140.5	5.14286	33.3243
140.6	5.14286	33.3243
140.7	5.22321	33.3243
140.8	5.22321	33.3243
140.9	5.22321	33.3243
141	5.14286	33.3243
141.1	5.14286	33.3243
141.2	5.22321	33.3243
141.3	5.22321	33.3243
141.4	5.14286	33.3243
141.5	5.14286	33.3243
141.6	5.14286	33.3243
141.7	5.0625	33.3243
141.8	5.14286	33.3243
141.9	5.0625	33.3243
142	4.98214	33.3243
142.1	4.98214	33.3243
142.2	4.98214	33.3243
142.3	4.98214	33.3243
142.4	4.98214	33.3243
142.5	5.0625	33.3243
142.6	4.98214	33.3243
142.7	4.98214	33.3243
142.8	4.98214	33.4054
142.9	4.90179	33.4054
143	5.0625	33.4054
143.1	5.0625	33.4054
143.2	5.0625	33.4054
143.3	5.14286	33.3243
143.4	5.14286	33.4054
143.5	5.14286	33.4054
143.6	4.98214	33.4054
143.7	4.98214	33.4054
143.8	4.5	33.4865
143.9	4.5	33.4865
144	4.09821	33.4865
144.1	3.9375	33.4054
144.2	3.85714	33.2432
144.3	3.69643	33.2432
144.4	3.69643	33.2432
144.5	3.61607	33.2432
144.6	3.61607	33.2432
144.7	3.69643	33.2432
144.8	3.69643	33.2432
144.9	3.69643	33.2432
145	3.61607	33.1622
145.1	3.61607	33.1622
145.2	3.29464	32.8378
145.3	3.21429	32.6757
145.4	3.05357	32.4324
145.5	2.73214	31.8649
145.6	2.73214	31.8649
145.7	2.33036	31.2162
145.8	2.00893	30.8919
145.9	1.76786	30
146	1.76786	29.7568
146.1	1.76786	29.7568
146.2	1.92857	29.5135
146.3	1.92857	29.4324
146.4	1.84821	29.1892
146.5	1.84821	28.7838
146.6	1.84821	28.7838
146.7	1.76786	27.973
146.8	1.6875	27.4865
146.9	1.52679	26.9189
147	1.36607	26.6757
147.1	1.36607	26.1081
147.2	1.52679	25.9459
147.3	1.52679	25.9459
147.4	1.52679	25.8649
147.5	1.52679	25.8649
147.6	1.44643	25.1351
147.7	1.44643	24.6486
147.8	1.52679	23.8378
147.9	1.44643	23.8378
148	1.44643	23.7568
148.1	1.44643	23.8378
148.2	1.60714	23.8378
148.3	1.6875	24.0811
148.4	1.6875	24.2432
148.5	1.6875	24.4054
148.6	1.6875	24.4054
148.7	1.6875	24.4054
148.8	1.6875	24.3243
148.9	1.6875	24.3243
149	1.52679	24.4865
149.1	1.52679	24.4865
149.2	1.36607	23.7568
149.3	1.52679	23.5135
149.4	2.00893	23.2703
149.5	2.25	22.0541
149.6	2.25	22.0541
149.7	2.73214	20.5135
149.8	2.89286	19.7027
149.9	3.05357	18.3243
150	3.13393	18.0811
150.1	3.29464	17.8378
150.2	3.29464	17.6757
150.3	3.29464	17.6757
150.4	3.29464	17.5135
150.5	3.29464	17.5135
150.6	3.21429	17.9189
150.7	3.21429	17.8378
150.8	3.21429	17.2703
150.9	3.21429	17.027
151	3.45536	17.8378
151.1	3.45536	17.8378
151.2	3.53571	18.1622
151.3	3.77679	18.7297
151.4	3.77679	18.8108
151.5	4.01786	19.0541
151.6	4.58036	19.4595
151.7	4.58036	19.4595
151.8	6.1875	20.027
151.9	6.1875	20.027
152	9.48214	21.8919
152.1	9.48214	21.8919
152.2	10.125	22.3784
152.3	11.7321	23.6757
152.4	13.6607	25.6216
152.5	15.8304	27.2432
152.6	15.8304	27.2432
152.7	18.0804	29.1081
152.8	19.9286	30.2432
152.9	21.5357	31.2973
153	22.3393	31.8649
153.1	23.8661	32.5135
153.2	23.8661	32.5135
153.3	25.3929	33
153.4	26.8393	33.5676
153.5	27.6429	33.6486
153.6	29.0089	33.6486
153.7	29.5714	33.7297
153.8	29.5714	33.7297
153.9	31.0982	33.973
154	31.5804	33.973
154.1	32.0625	33.8919
154.2	32.1429	33.8108
154.3	32.2232	33.8919
154.4	32.2232	33.973
154.5	32.2232	33.973
154.6	32.2232	33.973
154.7	32.2232	33.973
154.8	32.2232	33.973
154.9	32.2232	33.973
155	32.2232	33.973
155.1	32.1429	33.973
155.2	32.1429	33.973
155.3	32.1429	33.8108
155.4	32.2232	33.8108
155.5	32.3036	33.5676
155.6	32.3036	33.5676
155.7	32.3036	33.5676
155.8	32.3036	33.4865
155.9	32.3036	33.4865
156	32.3036	33.4865
156.1	32.3036	33.4054
156.2	32.3036	33.4054
156.3	32.4643	33.2432
156.4	32.4643	33.2432
156.5	32.7054	33
156.6	32.8661	32.8378
156.7	32.8661	32.8378
156.8	33.2679	32.1081
156.9	33.2679	32.1081
157	34.0714	30.4054
157.1	34.0714	30.3243
157.2	34.4732	28.7838
157.3	34.3929	28.0541
157.4	34.3929	28.0541
157.5	34.7143	26.9189
157.6	34.7143	26.9189
157.7	34.875	26.3514
157.8	34.7946	25.4595
157.9	34.7143	24.8919
158	34.6339	24.5676
158.1	34.5536	23.9189
158.2	34.5536	23.9189
158.3	34.6339	23.5946
158.4	34.5536	22.7027
158.5	34.5536	22.2973
158.6	34.7143	21.4865
158.7	34.7946	21.1622
158.8	34.7946	20.7568
158.9	35.0357	20.9189
159	35.0357	20.9189
159.1	34.9554	21.3243
159.2	34.9554	21.3243
159.3	34.875	21.4865
159.4	34.7946	21.4865
159.5	34.7946	21.3243
159.6	34.7946	21.4054
159.7	34.7946	21.4054
159.8	34.875	21.3243
159.9	35.0357	20.7568
160	34.9554	20.4324
160.1	34.9554	20.3514
160.2	34.9554	20.3514
160.3	34.7143	19.8649
160.4	34.7143	19.8649
160.5	34.4732	20.2703
160.6	34.4732	20.2703
160.7	34.2321	19.6216
160.8	34.0714	19.1351
160.9	33.8304	18.0811
161	33.75	16.5405
161.1	33.75	16.5405
161.2	33.5893	15.1622
161.3	33.75	14.7568
161.4	33.9911	13.7027
161.5	33.9107	12.7297
161.6	33.75	11.8378
161.7	33.75	11.8378
161.8	33.5893	11.1081
161.9	33.6696	10.5405
162	33.75	10.0541
162.1	33.5893	8.59459
162.2	33.5893	8.59459
162.3	33.1071	7.54054
162.4	33.0268	6.64865
162.5	33.0268	6.40541
162.6	32.9464	5.83784
162.7	32.9464	5.43243
162.8	32.4643	4.37838
162.9	32.4643	4.37838
163	32.1429	3.97297
163.1	32.3036	3.81081
163.2	32.3839	3.81081
163.3	32.4643	3.81081
163.4	32.5446	3.81081
163.5	32.5446	3.81081
163.6	32.4643	3.81081
163.7	32.4643	3.81081
163.8	32.5446	3.89189
163.9	32.5446	3.81081
164	32.5446	3.89189
164.1	32.5446	4.13514
164.2	32.5446	4.13514
164.3	32.625	3.89189
164.4	32.7054	3.81081
164.5	32.7054	3.64865
164.6	32.7054	3.56757
164.7	32.7054	3.56757
164.8	32.7054	3.56757
164.9	32.7857	3.48649
165	32.7054	3.56757
165.1	32.625	3.89189
165.2	32.625	3.89189
165.3	32.625	4.13514
165.4	32.625	4.13514
165.5	32.4643	4.05405
165.6	32.3036	3.97297
165.7	32.3036	3.97297
165.8	31.5	3.89189
165.9	31.5	3.89189
166	30.8571	3.56757
166.1	29.8125	2.83784
166.2	28.2857	2.51351
166.3	27.5625	2.27027
166.4	27.5625	2.27027
166.5	24.8304	1.45946
166.6	23.7857	1.54054
166.7	22.3393	1.45946
166.8	21.7768	1.21622
166.9	21.7768	1.21622
167	21.6161	1.21622
167.1	21.6161	1.21622
167.2	21.9375	1.37838
167.3	22.0982	1.45946
167.4	22.1786	1.45946
167.5	22.1786	1.45946
167.6	22.4196	1.45946
167.7	22.4196	1.45946
167.8	22.5804	1.45946
167.9	22.7411	1.54054
168	22.6607	1.45946
168.1	22.5	1.45946
168.2	22.5	1.45946
168.3	22.5	1.45946
168.4	22.5804	1.37838
168.5	22.2589	1.2973
168.6	21.375	1.13514
168.7	21.1339	1.21622
168.8	20.8929	1.45946
168.9	20.8929	1.45946
169	20.0893	1.7027
169.1	18.6429	1.7027
169.2	17.6786	1.7027
169.3	15.6696	1.54054
169.4	13.9018	1.94595
169.5	12.2143	2.10811
169.6	11.0893	2.18919
169.7	11.0893	2.18919
169.8	8.67857	2.75676
169.9	6.26786	3.16216
170	4.90179	3.40541
170.1	4.58036	3.56757
170.2	4.58036	3.56757
170.3	4.90179	3.24324
170.4	4.90179	3.24324
170.5	4.82143	2.83784
170.6	4.90179	2.75676
170.7	4.90179	2.59459
170.8	5.0625	2.59459
170.9	5.0625	2.59459
171	5.0625	2.59459
171.1	5.0625	2.59459
171.2	5.0625	2.51351
171.3	5.0625	2.51351
171.4	4.90179	2.59459
171.5	4.5	2.91892
171.6	4.5	2.91892
171.7	4.66071	3.56757
171.8	4.82143	3.89189
171.9	4.5	4.54054
172	4.09821	5.18919
172.1	4.09821	5.18919
172.2	4.01786	6.08108
172.3	3.9375	6.48649
172.4	3.53571	7.94595
172.5	3.21429	9.64865
172.6	2.97321	12.0811
172.7	2.65179	13.6216
172.8	2.25	17.027
172.9	2.25	17.027
173	1.92857	20.4324
173.1	1.76786	23.2703
173.2	1.76786	24.3243
173.3	1.52679	26.1081
173.4	1.6875	27.8108
173.5	2.00893	29.2703
173.6	2.00893	29.2703
173.7	2.08929	30
173.8	2.08929	31.4595
173.9	2.25	31.6216
174	2.25	31.7838
174.1	2.25	31.7838
174.2	2.08929	31.7838
174.3	2.08929	31.7027
174.4	2.08929	31.7027
174.5	2.08929	31.7027
174.6	2.08929	31.7027
174.7	2.08929	31.7027
174.8	2.08929	31.7027
174.9	2.08929	31.7027
175	2.08929	31.7027
175.1	2.00893	31.7027
175.2	2.00893	31.7027
175.3	1.76786	31.7838
175.4	1.76786	31.7838
175.5	1.6875	31.8649
175.6	1.6875	31.8649
175.7	1.60714	31.7838
175.8	1.60714	31.7027
175.9	1.60714	31.7027
176	1.6875	31.6216
176.1	1.6875	31.6216
176.2	1.6875	31.6216
176.3	1.76786	31.6216
176.4	1.76786	31.6216
176.5	1.76786	31.5405
176.6	1.76786	31.5405
176.7	1.84821	31.3784
176.8	1.84821	31.3784
176.9	1.84821	31.2973
177	1.84821	31.2162
177.1	1.84821	31.2162
177.2	1.84821	31.2973
177.3	1.76786	31.5405
177.4	2.00893	31.5405
177.5	2.41071	31.7838
177.6	2.8125	32.1081
177.7	2.97321	32.2703
177.8	2.97321	32.2703
177.9	3.45536	32.6757
178	3.85714	32.8378
178.1	3.85714	32.8378
178.2	4.33929	33.0811
178.3	4.90179	33.5676
178.4	5.70536	33.8919
178.5	6.66964	33.8919
178.6	6.66964	33.8919
178.7	7.3125	33.973
178.8	8.75893	34.0541
178.9	9.88393	34.2162
179	10.9286	34.1351
179.1	10.9286	34.1351
179.2	11.7321	34.2162
179.3	12.375	34.2162
179.4	12.4554	34.2162
179.5	12.7768	34.1351
179.6	12.7768	34.1351
179.7	12.8571	34.0541
179.8	12.7768	33.8919
179.9	12.6161	33.5676
180	12.6161	33.0811
180.1	12.6161	32.9189
180.2	12.6964	32.9189
180.3	12.8571	32.9189
180.4	12.9375	32.8378
180.5	12.8571	32.7568
180.6	12.8571	32.5946
180.7	13.0982	31.9459
180.8	13.5804	31.2162
180.9	13.5804	31.2162
181	14.2232	30.1622
181.1	14.5446	29.027
181.2	15.2679	27.5676
181.3	15.9107	26.7568
181.4	15.9107	26.7568
181.5	17.6786	24.2432
181.6	17.6786	24.2432
181.7	19.125	22.7027
181.8	19.8482	22.0541
181.9	19.8482	22.0541
182	21.6964	20.2703
182.1	21.6964	20.2703
182.2	21.7768	20.5946
182.3	21.6161	20.6757
182.4	21.2946	20.8378
182.5	21.1339	20.9189
182.6	21.1339	20.9189
182.7	20.8929	21
182.8	20.8929	21
182.9	21.0536	20.9189
183	21.1339	20.9189
183.1	21.375	20.7568
183.2	21.375	20.7568
183.3	21.6161	20.8378
183.4	21.6964	21
183.5	22.5804	20.1892
183.6	23.8661	19.0541
183.7	24.6696	18.5676
183.8	24.6696	18.5676
183.9	25.7946	17.8378
184	27.1607	17.4324
184.1	28.2857	17.2703
184.2	28.9286	17.1081
184.3	30.0536	16.6216
184.4	30.0536	16.6216
184.5	31.0982	16.5405
184.6	31.7411	16.5405
184.7	32.0625	16.3784
184.8	32.0625	16.2162
184.9	32.0625	16.2162
185	32.0625	16.1351
185.1	32.0625	16.0541
185.2	32.0625	16.0541
185.3	31.9018	15.6486
185.4	32.0625	15.3243
185.5	32.9464	14.027
185.6	33.2679	13.3784
185.7	33.2679	13.3784
185.8	33.9911	12
185.9	33.9107	11.5135
186	33.5893	9.97297
186.1	33.5893	9.97297
186.2	33.6696	9
186.3	33.75	8.02703
186.4	33.5893	7.37838
186.5	33.4286	6.32432
186.6	33.5893	5.27027
186.7	33.5893	5.27027
186.8	33.5089	4.05405
186.9	33.3482	3.89189
187	33.2679	3.89189
187.1	33.2679	3.89189
187.2	33.2679	3.89189
187.3	33.1875	3.97297
187.4	33.1875	4.13514
187.5	33.1071	4.21622
187.6	32.9464	4.13514
187.7	32.7054	3.72973
187.8	32.3839	3.32432
187.9	32.3839	3.32432
188	31.9821	2.51351
188.1	31.9821	2.51351
188.2	31.9821	2.18919
188.3	31.7411	2.27027
188.4	31.8214	2.35135
188.5	31.9018	2.43243
188.6	31.9018	2.43243
188.7	31.9821	2.51351
188.8	32.0625	2.51351
188.9	32.0625	2.51351
189	32.1429	2.43243
189.1	32.1429	2.43243
189.2	32.0625	2.35135
189.3	31.8214	2.18919
189.4	31.3393	2.27027
189.5	30.8571	2.51351
189.6	29.8929	2.59459
189.7	29.1696	2.67568
189.8	29.1696	2.67568
189.9	27.3214	2.75676
190	25.0714	2.75676
190.1	22.9821	2.83784
190.2	22.9821	2.83784
190.3	20.7321	2.43243
190.4	18.0804	2.10811
190.5	16.9554	2.10811
190.6	15.3482	1.94595
190.7	13.9821	1.86486
190.8	12.4554	2.27027
190.9	11.4107	2.18919
191	11.4107	2.18919
191.1	9.64286	1.94595
191.2	7.875	1.78378
191.3	6.58929	2.02703
191.4	6.10714	2.02703
191.5	5.14286	1.7027
191.6	4.5	1.86486
191.7	4.5	1.86486
191.8	4.74107	1.86486
191.9	4.74107	1.86486
192	4.66071	1.86486
192.1	4.66071	1.86486
192.2	4.74107	1.86486
192.3	4.74107	1.86486
192.4	4.82143	1.94595
192.5	4.82143	1.86486
192.6	4.82143	1.86486
192.7	4.82143	1.86486
192.8	4.82143	1.86486
192.9	4.98214	1.94595
193	5.0625	1.94595
193.1	5.22321	2.02703
193.2	5.22321	2.02703
193.3	5.30357	1.94595
193.4	5.38393	2.02703
193.5	5.38393	2.02703
193.6	5.54464	1.94595
193.7	5.54464	1.94595
193.8	5.625	1.94595
193.9	5.86607	1.94595
194	5.94643	1.94595
194.1	5.94643	1.94595
194.2	6.10714	1.94595
194.3	6.02679	1.86486
194.4	5.625	1.7027
194.5	5.38393	2.02703
194.6	5.46429	2.67568
194.7	5.14286	2.91892
194.8	4.33929	3.97297
194.9	4.33929	3.97297
195	4.01786	4.62162
195.1	3.29464	6
195.2	2.49107	7.7027
195.3	2.25	9.81081
195.4	2.25	9.81081
195.5	1.6875	12.2432
195.6	1.20536	15.2432
195.7	1.125	16.7027
195.8	1.04464	19.2973
195.9	1.04464	21.7297
196	1.04464	21.7297
196.1	1.125	24.0811
196.2	1.04464	25.9459
196.3	1.28571	27.4865
196.4	1.36607	28.0541
196.5	1.44643	28.8649
196.6	1.44643	29.3514
196.7	1.44643	29.3514
196.8	1.44643	29.2703
196.9	1.44643	29.2703
197	1.44643	29.6757
197.1	1.28571	30.7297
197.2	1.28571	30.7297
197.3	1.52679	31.2973
197.4	1.52679	31.2973
197.5	1.52679	31.5405
197.6	1.52679	31.5405
197.7	1.44643	31.5405
197.8	1.44643	31.5405
197.9	1.44643	31.5405
198	1.44643	31.5405
198.1	1.52679	31.5405
198.2	1.44643	31.5405
198.3	1.44643	31.5405
198.4	1.44643	31.5405
198.5	1.44643	31.5405
198.6	1.44643	31.5405
198.7	1.52679	31.5405
198.8	1.52679	31.4595
198.9	1.52679	31.4595
199	1.52679	31.4595
199.1	1.52679	31.4595
199.2	1.52679	31.4595
199.3	1.52679	31.5405
199.4	1.52679	31.5405
199.5	1.52679	31.5405
199.6	1.44643	31.4595
199.7	1.44643	31.4595
199.8	1.52679	31.5405
199.9	1.84821	31.7027
200	2.00893	31.7027
200.1	2.08929	31.7027
200.2	2.00893	31.5405
200.3	2.00893	31.3784
200.4	2.00893	31.2973
200.5	2.00893	31.2973
200.6	2.16964	31.4595
200.7	2.16964	31.4595
200.8	2.16964	31.3784
200.9	2.16964	31.3784
201	2.16964	31.3784
201.1	1.92857	31.1351
201.2	1.92857	31.1351
201.3	2.25	31.2162
201.4	2.65179	31.2973
201.5	2.97321	31.4595
201.6	3.05357	31.5405
201.7	3.05357	31.5405
201.8	2.89286	31.6216
201.9	2.8125	31.7027
202	2.8125	31.8649
202.1	2.89286	32.027
202.2	2.89286	32.027
202.3	3.61607	32.6757
202.4	3.61607	32.6757
202.5	3.69643	32.9189
202.6	3.69643	32.9189
202.7	3.9375	33.2432
202.8	4.41964	33.4865
202.9	4.41964	33.4865
203	4.90179	33.6486
203.1	4.90179	33.6486
203.2	5.22321	33.7297
203.3	5.38393	33.8108
203.4	5.14286	33.8108
203.5	4.98214	33.8108
203.6	4.90179	33.8108
203.7	4.90179	33.8108
203.8	4.82143	33.7297
203.9	4.98214	33.6486
204	5.0625	33.6486
204.1	4.98214	33.6486
204.2	4.90179	33.6486
204.3	4.82143	33.7297
204.4	4.82143	33.7297
204.5	4.90179	33.7297
204.6	5.0625	33.7297
204.7	5.0625	33.7297
204.8	4.98214	33.7297
204.9	4.98214	33.6486
205	4.98214	33.6486
205.1	4.98214	33.6486
205.2	4.90179	33.6486
205.3	4.66071	33.6486
205.4	4.5	33.6486
205.5	4.41964	33.4865
205.6	4.33929	33.4054
205.7	4.33929	33.4054
205.8	3.77679	33.2432
205.9	3.45536	33.2432
206	3.29464	33.2432
206.1	3.29464	33.1622
206.2	2.97321	32.9189
206.3	2.97321	32.7568
206.4	2.97321	32.7568
206.5	2.8125	32.5946
206.6	2.73214	32.4324
206.7	2.73214	32.4324
206.8	2.73214	32.4324
206.9	2.73214	32.4324
207	2.73214	32.5135
207.1	2.73214	32.5135
207.2	2.73214	32.5135
207.3	2.73214	32.5135
207.4	2.8125	32.6757
207.5	2.97321	32.7568
207.6	2.97321	32.7568
207.7	3.05357	32.8378
207.8	2.97321	32.9189
207.9	2.97321	32.9189
208	2.97321	33
208.1	2.97321	33
208.2	2.97321	33
208.3	3.05357	33.0811
208.4	3.05357	33.4054
208.5	3.13393	33.4865
208.6	3.13393	33.4865
208.7	3.13393	33.4865
208.8	3.21429	33.4865
208.9	3.29464	33.5676
209	3.29464	33.4865
209.1	3.29464	33.4865
209.2	3.29464	33.4865
209.3	3.13393	33.2432
209.4	2.89286	33
209.5	2.89286	33
209.6	2.73214	32.4324
209.7	2.89286	32.2703
209.8	3.05357	32.2703
209.9	3.05357	32.2703
210	3.13393	32.1892
210.1	3.13393	32.1892
210.2	3.21429	32.1892
210.3	3.21429	32.1892
210.4	3.29464	32.1892
210.5	3.375	32.1081
210.6	3.29464	32.1081
210.7	3.29464	32.1081
210.8	3.13393	32.1892
210.9	3.13393	32.1892
211	3.13393	32.3514
211.1	3.13393	32.4324
211.2	2.97321	32.5946
211.3	2.89286	32.6757
211.4	2.89286	32.7568
211.5	2.89286	32.6757
211.6	2.89286	32.6757
211.7	2.89286	32.5946
211.8	2.89286	32.5135
211.9	3.13393	32.5946
212	3.21429	32.5946
212.1	3.29464	32.5135
212.2	3.21429	32.3514
212.3	3.21429	32.3514
212.4	3.05357	32.3514
212.5	2.97321	32.4324
212.6	2.97321	32.2703
212.7	2.97321	32.2703
212.8	2.97321	32.2703
212.9	3.05357	32.1081
213	2.97321	32.1081
213.1	2.89286	32.027
213.2	2.8125	32.1081
213.3	2.73214	32.1081
213.4	2.8125	32.1892
213.5	2.97321	32.2703
213.6	2.97321	32.2703
213.7	3.05357	32.1081
213.8	3.61607	31.2162
213.9	3.61607	30.973
214	3.375	30.7297
214.1	3.375	30.7297
214.2	3.21429	30.4865
214.3	3.13393	30.1622
214.4	3.13393	30.1622
214.5	3.13393	30.1622
214.6	3.13393	30.1622
214.7	3.13393	30.1622
214.8	3.13393	30.1622
214.9	3.13393	30.2432
215	3.29464	30.4054
215.1	3.29464	30.4054
215.2	3.29464	30.4054
215.3	3.29464	30.3243
215.4	3.29464	30.4054
215.5	3.21429	30.4054
215.6	3.29464	30.4054
215.7	3.29464	30.4054
215.8	3.13393	30.3243
215.9	3.13393	30.3243
216	3.13393	30.3243
216.1	3.13393	30.3243
216.2	3.29464	30.5676
216.3	3.45536	30.6486
216.4	3.375	30.6486
216.5	3.375	30.6486
216.6	3.375	30.6486
216.7	3.45536	31.0541
216.8	3.53571	31.6216
216.9	3.375	31.9459
217	3.29464	31.8649
217.1	3.29464	31.8649
217.2	3.05357	31.9459
217.3	2.97321	31.9459
217.4	3.05357	31.9459
217.5	3.13393	32.027
217.6	3.13393	31.8649
217.7	3.05357	31.6216
217.8	3.05357	31.6216
217.9	2.97321	31.1351
218	2.89286	30.4865
218.1	2.97321	29.6757
218.2	2.97321	29.3514
218.3	2.89286	29.027
218.4	2.8125	28.7838
218.5	2.8125	28.7838
218.6	2.33036	27.6486
218.7	2.00893	25.5405
218.8	2.00893	24.1622
218.9	1.92857	23.6757
219	1.60714	23.3514
219.1	1.60714	23.3514
219.2	1.52679	23.3514
219.3	1.52679	23.1892
219.4	1.6875	23.1892
219.5	1.76786	23.2703
219.6	1.84821	23.2703
219.7	1.84821	23.2703
219.8	1.92857	23.3514
219.9	2.08929	23.4324
220	2.57143	23.4324
220.1	3.375	23.1081
220.2	3.375	23.1081
220.3	5.46429	21.8919
220.4	5.46429	21.8919
220.5	7.47321	20.8378
220.6	9.48214	20.1081
220.7	10.5268	19.4595
220.8	10.7679	19.3784
220.9	10.8482	19.5405
221	10.6875	19.7027
221.1	10.6875	19.7027
221.2	10.7679	19.7027
221.3	10.9286	19.7027
221.4	11.4107	20.027
221.5	12.2143	20.7568
221.6	13.6607	21.4865
221.7	13.6607	21.4865
221.8	15.3482	22.4595
221.9	17.1964	24.0811
222	18.2411	24.8108
222.1	20.4107	25.8649
222.2	20.4107	25.8649
222.3	22.6607	27
222.4	24.6696	27.6486
222.5	26.3571	28.2973
222.6	27.5625	28.7838
222.7	28.125	28.8649
222.8	29.5714	28.9459
222.9	29.5714	28.9459
223	31.0179	29.4324
223.1	32.1429	29.6757
223.2	32.1429	29.6757
223.3	32.3036	29.5946
223.4	32.2232	29.6757
223.5	32.2232	29.6757
223.6	32.3839	29.5946
223.7	32.625	29.5135
223.8	33.0268	29.5946
223.9	33.0268	29.6757
224	33.0268	29.6757
224.1	32.9464	29.6757
224.2	32.9464	29.6757
224.3	32.7054	29.7568
224.4	32.7054	29.5946
224.5	32.4643	29.2703
224.6	32.5446	28.4595
224.7	32.5446	28.4595
224.8	33.75	26.2703
224.9	33.75	26.1892
225	34.4732	24.7297
225.1	34.6339	24
225.2	34.7143	22.5405
225.3	34.6339	21.8919
225.4	34.7143	21.5676
225.5	34.7946	21.4865
225.6	34.7946	21.4865
225.7	34.7946	21.7297
225.8	34.7946	21.8108
225.9	34.875	22.2162
226	34.7946	22.5405
226.1	34.7946	22.5405
226.2	34.7143	22.7838
226.3	34.7143	22.9459
226.4	34.7143	23.027
226.5	34.7946	23.027
226.6	34.875	22.6216
226.7	34.9554	22.2973
226.8	34.875	21.6486
226.9	34.7143	21.7297
227	34.7143	21.7297
227.1	34.5536	21.4865
227.2	34.5536	20.8378
227.3	34.7143	19.9459
227.4	34.7143	19.2973
227.5	34.3125	18.2432
227.6	34.2321	16.9459
227.7	34.2321	16.9459
227.8	34.3125	15.4865
227.9	34.3125	15.4865
228	34.0714	14.5946
228.1	33.8304	13.3784
228.2	33.8304	13.3784
228.3	33.9911	12
228.4	33.9911	12
228.5	33.8304	11.4324
228.6	33.75	11.3514
228.7	33.75	11.3514
228.8	33.75	11.3514
228.9	33.75	11.3514
229	33.6696	11.3514
229.1	33.5893	11.2703
229.2	33.5893	11.2703
229.3	33.6696	11.2703
229.4	33.6696	11.2703
229.5	33.6696	11.2703
229.6	33.8304	11.1892
229.7	34.0714	11.4324
229.8	34.1518	11.4324
229.9	34.1518	11.4324
230	34.0714	11.3514
230.1	34.0714	11.2703
230.2	34.0714	11.3514
230.3	34.1518	11.3514
230.4	34.1518	11.4324
230.5	34.3125	11.2703
230.6	34.4732	11.1081
230.7	34.4732	11.1081
230.8	34.4732	11.2703
230.9	34.3929	11.4324
231	34.3929	11.6757
231.1	34.4732	11.8378
231.2	34.4732	11.8378
231.3	34.3929	11.8378
231.4	34.3929	11.8378
231.5	33.9911	11.4324
231.6	33.8304	11.5946
231.7	33.8304	11.5946
231.8	33.5893	11.4324
231.9	33.5893	11.4324
232	33.5893	11.5946
232.1	33.6696	11.7568
232.2	33.5893	12.0811
232.3	33.1071	12.2432
232.4	33.1071	12.2432
232.5	31.9821	12.8919
232.6	31.9821	12.8919
232.7	31.0179	13.2162
232.8	30.375	13.7838
232.9	30.375	13.7838
233	29.8125	14.9189
233.1	29.8125	14.9189
233.2	29.5714	16.7027
233.3	29.1696	17.5135
233.4	28.6071	18.6486
233.5	28.6071	19.5405
233.6	28.2054	20.7568
233.7	28.2054	20.7568
233.8	27.7232	21.2432
233.9	26.5179	22.0541
234	25.0714	23.4324
234.1	22.8214	25.2162
234.2	22.8214	25.2162
234.3	20.5714	27.1622
234.4	18.2411	28.8649
234.5	16.3929	30.4054
234.6	14.7857	31.9459
234.7	14.7857	31.9459
234.8	14.1429	32.2703
234.9	13.5804	32.5135
235	13.7411	32.5135
235.1	13.8214	32.5135
235.2	13.8214	32.5135
235.3	13.9018	32.5135
235.4	13.9018	32.5135
235.5	13.9018	32.5135
235.6	13.9018	32.5135
235.7	13.8214	32.5135
235.8	13.0179	32.9189
235.9	12.5357	33.1622
236	12.5357	33.1622
236.1	11.1696	33.4054
236.2	10.2857	33.6486
236.3	9.80357	33.8108
236.4	9.64286	33.8919
236.5	9.16071	33.973
236.6	9.08036	33.973
236.7	8.59821	33.973
236.8	8.11607	33.973
236.9	7.875	33.973
237	7.63393	34.0541
237.1	7.23214	34.0541
237.2	7.23214	34.0541
237.3	6.75	34.0541
237.4	6.75	34.0541
237.5	6.1875	34.0541
237.6	6.1875	34.0541
237.7	5.30357	33.973
237.8	5.30357	33.8919
237.9	5.30357	33.8919
238	4.66071	33.4865
238.1	4.66071	33.4865
238.2	4.58036	33.4865
238.3	4.58036	33.4865
238.4	4.58036	33.4865
238.5	4.58036	33.4865
238.6	4.58036	33.4865
238.7	4.66071	33.5676
238.8	4.58036	33.5676
238.9	4.66071	33.6486
239	4.74107	33.6486
239.1	4.74107	33.6486
239.2	4.98214	33.5676
239.3	5.14286	33.4865
239.4	4.98214	33.2432
239.5	4.66071	33.1622
239.6	4.41964	33.1622
239.7	4.41964	33.3243
239.8	4.41964	33.6486
239.9	4.41964	33.6486
240	4.41964	33.7297
240.1	4.41964	33.973
240.2	4.74107	34.1351
240.3	4.90179	34.2162
240.4	5.0625	34.2162
240.5	5.0625	34.2162
240.6	5.22321	34.2162
240.7	5.30357	34.2162
240.8	5.38393	34.2162
240.9	5.38393	34.2162
241	5.30357	34.2162
241.1	5.30357	34.2162
241.2	5.30357	34.2162
241.3	5.38393	34.2162
241.4	5.38393	34.2162
241.5	5.38393	34.2162
241.6	5.30357	34.2162
241.7	5.30357	34.2162
241.8	5.38393	34.2162
241.9	5.38393	34.2162
242	5.30357	34.2162
242.1	5.30357	34.2162
242.2	5.14286	34.2162
242.3	4.90179	34.2973
242.4	4.90179	34.2973
242.5	4.74107	34.2973
242.6	4.82143	34.2973
242.7	4.82143	34.2162
242.8	4.82143	34.2973
242.9	4.82143	34.2973
243	5.0625	34.2162
243.1	5.0625	34.2162
243.2	5.22321	34.2162
243.3	5.22321	34.2162
243.4	5.22321	34.2162
243.5	5.14286	34.2162
243.6	5.14286	34.2162
243.7	4.98214	34.1351
243.8	4.90179	34.1351
243.9	4.98214	33.973
244	5.0625	33.973
244.1	5.0625	33.973
244.2	5.14286	33.973
244.3	5.30357	33.8919
244.4	5.54464	33.8919
244.5	5.54464	33.973
244.6	5.70536	33.8919
244.7	5.78571	33.8919
244.8	5.78571	33.8919
244.9	5.86607	33.8919
245	5.94643	33.8919
245.1	5.94643	33.8919
245.2	5.94643	33.8108
245.3	5.94643	33.8108
245.4	6.10714	33.7297
245.5	6.26786	33.7297
245.6	6.58929	33.6486
245.7	6.66964	33.6486
245.8	6.83036	33.6486
245.9	6.99107	33.7297
246	7.07143	33.8108
246.1	7.07143	33.8108
246.2	7.07143	33.8108
246.3	7.07143	33.6486
246.4	7.15179	33.6486
246.5	7.15179	33.5676
246.6	6.91071	33.5676
246.7	6.91071	33.5676
246.8	6.10714	33.6486
246.9	6.10714	33.6486
247	5.30357	33.7297
247.1	5.30357	33.7297
247.2	5.38393	33.7297
247.3	5.30357	33.7297
247.4	5.30357	33.7297
247.5	5.30357	33.6486
247.6	5.30357	33.6486
247.7	5.38393	33.5676
247.8	5.46429	33.5676
247.9	5.46429	33.5676
248	5.54464	33.5676
248.1	5.54464	33.5676
248.2	5.46429	33.4054
248.3	5.54464	33.3243
248.4	5.78571	33.4054
248.5	5.78571	33.3243
248.6	6.02679	33.4054
248.7	5.70536	33.0811
248.8	5.70536	33.0811
248.9	5.46429	33.1622
249	5.30357	33.0811
249.1	5.86607	33.0811
249.2	5.86607	33.0811
249.3	5.86607	33.0811
249.4	5.94643	33.0811
249.5	6.02679	33
249.6	6.02679	33
249.7	6.10714	33
249.8	6.10714	33.0811
249.9	6.10714	33.0811
250	6.10714	33
250.1	6.10714	33
250.2	6.10714	33
250.3	6.10714	33
250.4	6.10714	33.0811
250.5	6.10714	33.0811
250.6	6.10714	33.0811
250.7	6.10714	33
250.8	6.02679	33
250.9	6.10714	32.9189
251	6.10714	32.9189
251.1	5.94643	33
251.2	5.94643	33
251.3	5.86607	33.0811
251.4	5.78571	33.1622
251.5	5.70536	33.2432
251.6	5.70536	33.1622
251.7	5.78571	33
251.8	5.70536	33
251.9	5.70536	33
252	5.70536	33.0811
252.1	5.70536	33.0811
252.2	5.625	33.1622
252.3	5.70536	33.1622
252.4	5.70536	33.1622
252.5	5.78571	33.3243
252.6	5.78571	33.3243
252.7	5.94643	33.7297
252.8	5.94643	33.7297
252.9	5.86607	33.7297
253	5.86607	33.8108
253.1	5.70536	33.973
253.2	5.70536	33.973
253.3	5.70536	33.973
253.4	5.70536	33.973
253.5	5.70536	33.973
253.6	5.70536	33.973
253.7	5.78571	33.973
253.8	5.78571	33.973
253.9	5.86607	33.973
254	5.86607	33.973
254.1	5.86607	33.973
254.2	5.78571	33.8108
254.3	5.70536	33.7297
254.4	5.54464	33.6486
254.5	5.54464	33.6486
254.6	5.46429	33.5676
254.7	5.46429	33.5676
254.8	5.38393	33.6486
254.9	5.46429	33.4054
255	5.46429	33.4054
255.1	5.54464	33.1622
255.2	5.46429	33.1622
255.3	5.38393	33.1622
255.4	5.30357	33.1622
255.5	5.30357	33.0811
255.6	5.30357	33.0811
255.7	5.30357	33
255.8	5.38393	32.9189
255.9	5.38393	32.9189
256	5.38393	32.9189
256.1	5.30357	32.8378
256.2	5.30357	32.8378
256.3	5.30357	32.8378
256.4	5.22321	32.8378
256.5	5.22321	32.8378
256.6	5.14286	32.8378
256.7	4.98214	32.9189
256.8	4.90179	32.9189
256.9	4.90179	32.8378
257	4.98214	32.8378
257.1	4.90179	32.6757
257.2	4.90179	32.6757
257.3	4.74107	32.8378
257.4	4.74107	32.8378
257.5	4.5	32.9189
257.6	4.41964	32.9189
257.7	4.41964	32.9189
257.8	4.5	32.8378
257.9	4.58036	32.6757
258	4.66071	32.6757
258.1	4.66071	32.5946
258.2	4.66071	32.6757
258.3	4.66071	32.6757
258.4	4.90179	32.5135
258.5	4.90179	32.5135
258.6	4.82143	32.5135
258.7	4.82143	32.5135
258.8	4.58036	32.5946
258.9	4.41964	32.4324
259	4.41964	32.4324
259.1	4.5	32.1081
259.2	4.25893	32.1892
259.3	4.09821	32.3514
259.4	4.01786	32.3514
259.5	4.17857	32.5135
259.6	4.25893	32.5135
259.7	4.25893	32.5135
259.8	4.01786	32.5135
259.9	4.01786	32.5135
260	4.01786	32.5135
260.1	4.01786	32.5135
260.2	4.01786	32.5135
260.3	3.85714	32.5135
260.4	4.01786	32.5135
260.5	4.01786	32.5135
260.6	4.5	32.5135
260.7	4.98214	32.4324
260.8	5.0625	32.4324
260.9	5.0625	32.4324
261	5.0625	32.4324
261.1	5.0625	32.4324
261.2	5.0625	32.4324
261.3	5.0625	32.4324
261.4	5.0625	32.4324
261.5	5.0625	32.4324
261.6	5.0625	32.4324
261.7	5.0625	32.4324
261.8	4.90179	32.4324
261.9	4.90179	32.4324
262	4.82143	32.4324
262.1	4.82143	32.4324
262.2	4.82143	32.4324
262.3	4.82143	32.4324
262.4	4.82143	32.4324
262.5	4.74107	32.3514
262.6	4.74107	32.2703
262.7	4.74107	32.2703
262.8	4.66071	32.2703
262.9	4.41964	32.1081
263	4.33929	31.9459
263.1	4.01786	31.6216
263.2	3.85714	31.4595
263.3	3.45536	31.2973
263.4	3.29464	31.2973
263.5	2.89286	31.2162
263.6	2.8125	31.0541
263.7	2.8125	31.0541
263.8	2.89286	30.973
263.9	2.89286	30.973
264	2.89286	30.8919
264.1	2.89286	30.8919
264.2	2.89286	30.8919
264.3	2.89286	30.973
264.4	2.89286	30.973
264.5	2.89286	30.973
264.6	2.89286	30.973
264.7	2.89286	30.973
264.8	2.89286	30.973
264.9	2.89286	30.973
265	2.89286	30.973
265.1	2.89286	30.973
265.2	2.89286	30.973
265.3	2.89286	31.0541
265.4	2.89286	31.0541
265.5	2.89286	31.1351
265.6	2.89286	31.1351
265.7	2.89286	31.0541
265.8	2.89286	31.0541
265.9	2.8125	31.0541
266	2.89286	31.1351
266.1	2.89286	31.2973
266.2	2.97321	31.2973
266.3	2.89286	31.3784
266.4	2.89286	31.3784
266.5	2.89286	31.4595
266.6	2.89286	31.8649
266.7	2.8125	32.1081
266.8	2.8125	32.2703
266.9	2.8125	32.2703
267	2.8125	32.2703
267.1	2.89286	32.4324
267.2	2.89286	32.4324
267.3	2.89286	32.6757
267.4	3.05357	32.9189
267.5	3.05357	32.9189
267.6	3.375	33
267.7	3.61607	33
267.8	3.85714	33.0811
267.9	3.9375	33.1622
268	4.09821	33.0811
268.1	4.33929	32.8378
268.2	4.33929	32.8378
268.3	4.41964	32.5946
268.4	4.33929	32.5135
268.5	4.33929	32.3514
268.6	4.33929	32.3514
268.7	4.33929	32.3514
268.8	4.33929	32.3514
268.9	4.33929	32.3514
269	4.33929	32.2703
269.1	4.33929	32.2703
269.2	4.33929	32.2703
269.3	4.25893	32.3514
269.4	4.25893	32.3514
269.5	4.25893	32.2703
269.6	4.25893	32.2703
269.7	4.25893	32.2703
269.8	4.25893	32.2703
269.9	4.25893	32.2703
270	4.25893	32.3514
270.1	4.25893	32.3514
270.2	4.25893	32.3514
270.3	4.33929	32.2703
270.4	4.33929	32.2703
270.5	4.58036	32.4324
270.6	4.58036	32.4324
270.7	4.90179	32.5135
270.8	5.0625	32.5946
270.9	5.46429	33
271	5.46429	33.3243
271.1	5.46429	33.3243
271.2	5.38393	33.4054
271.3	5.38393	33.4865
271.4	5.30357	33.6486
271.5	5.30357	33.6486
271.6	5.46429	33.4865
271.7	5.30357	33.4054
271.8	5.14286	33.3243
271.9	5.14286	33.3243
272	5.0625	33.3243
272.1	5.0625	33.3243
272.2	4.98214	33.4054
272.3	4.98214	33.4054
272.4	4.98214	33.4054
272.5	4.98214	33.4054
272.6	4.98214	33.4054
272.7	4.98214	33.4054
272.8	5.0625	33.4054
272.9	5.0625	33.4054
273	4.98214	33.4054
273.1	4.90179	33.4054
273.2	4.90179	33.4054
273.3	4.74107	33.4865
273.4	4.74107	33.4865
273.5	4.74107	33.4865
273.6	4.74107	33.4865
273.7	4.74107	33.4865
273.8	4.82143	33.4865
273.9	4.82143	33.4865
274	4.82143	33.4865
274.1	4.82143	33.4865
274.2	4.82143	33.4865
274.3	4.82143	33.4865
274.4	4.82143	33.4865
274.5	4.82143	33.4865
274.6	4.82143	33.4865
274.7	4.82143	33.4865
274.8	4.82143	33.4865
274.9	4.82143	33.4865
275	4.82143	33.4865
275.1	4.82143	33.4865
275.2	4.74107	33.4054
275.3	4.74107	33.4054
275.4	4.82143	33.4054
275.5	4.82143	33.3243
275.6	4.82143	33.3243
275.7	4.82143	33.3243
275.8	4.74107	33.3243
275.9	4.41964	33.2432
276	4.33929	33.2432
276.1	4.25893	33.2432
276.2	4.17857	33.1622
276.3	3.9375	33.0811
276.4	3.9375	33.1622
276.5	3.85714	33.1622
276.6	3.77679	33.1622
276.7	3.69643	33.1622
276.8	3.61607	33.1622
276.9	3.61607	33.1622
277	3.61607	33.1622
277.1	3.61607	33.0811
277.2	3.61607	33.0811
277.3	3.53571	33.0811
277.4	3.53571	33.0811
277.5	3.45536	33.0811
277.6	3.45536	33.0811
277.7	3.45536	33.1622
277.8	3.69643	33.3243
277.9	4.09821	33.4054
278	4.25893	33.3243
278.1	4.25893	33.3243
278.2	4.25893	33.2432
278.3	4.17857	33.3243
278.4	4.09821	33.3243
278.5	4.01786	33.4054
278.6	4.01786	33.4054
278.7	4.09821	33.4054
278.8	4.33929	33.3243
278.9	4.58036	33.2432
279	4.58036	33.1622
279.1	4.58036	33.1622
279.2	4.58036	33.1622
279.3	4.58036	33.2432
279.4	4.41964	33.2432
279.5	4.09821	33.3243
279.6	3.9375	33.4054
279.7	3.85714	33.4054
279.8	4.17857	33.5676
279.9	4.17857	33.5676
280	4.09821	33.4865
280.1	4.09821	33.4865
280.2	4.25893	33.4865
280.3	4.17857	33.4865
280.4	3.9375	33.4865
280.5	3.85714	33.4865
280.6	3.85714	33.4865
280.7	3.85714	33.4865
280.8	3.85714	33.4865
280.9	3.85714	33.4865
281	3.77679	33.4865
281.1	3.77679	33.4865
281.2	3.77679	33.4865
281.3	3.85714	33.4054
281.4	3.85714	33.4054
281.5	3.77679	33.3243
281.6	3.77679	33.4054
281.7	3.77679	33.4054
281.8	3.69643	33.3243
281.9	3.61607	33.2432
282	3.53571	33.1622
282.1	3.53571	33.1622
282.2	3.53571	33.1622
282.3	3.45536	33.1622
282.4	3.375	33.0811
282.5	3.375	33.0811
282.6	3.375	33.0811
282.7	3.29464	33.0811
282.8	3.29464	33
282.9	3.29464	33
283	3.375	33.0811
283.1	3.375	33.0811
283.2	3.375	33.0811
283.3	3.375	33.0811
283.4	3.375	33.0811
283.5	3.375	33.0811
283.6	3.375	33.0811
283.7	3.375	33.0811
283.8	3.375	33.0811
283.9	3.375	33.0811
284	3.375	33.0811
284.1	3.375	33.0811
284.2	3.375	33.0811
284.3	3.375	33.0811
284.4	3.375	33.0811
284.5	3.375	33.0811
284.6	3.375	33.0811
284.7	3.375	33.0811
284.8	3.375	33.0811
284.9	3.375	33.0811
285	3.375	33.0811
285.1	3.375	33.0811
285.2	3.375	33.0811
285.3	3.375	33.0811
285.4	3.45536	33.1622
285.5	3.45536	33.1622
285.6	3.45536	33.1622
285.7	3.53571	33.1622
285.8	3.53571	33.1622
285.9	3.61607	33.2432
286	3.61607	33.3243
286.1	3.53571	33.2432
286.2	3.53571	33.2432
286.3	3.53571	33.2432
286.4	3.61607	33.2432
286.5	3.69643	33.3243
286.6	3.69643	33.3243
286.7	3.69643	33.2432
286.8	3.69643	33.1622
286.9	3.69643	33.1622
287	3.69643	33.1622
287.1	3.85714	33.2432
287.2	3.85714	33.2432
287.3	3.69643	33.2432
287.4	3.69643	33.2432
287.5	3.69643	33.2432
287.6	3.69643	33.2432
287.7	3.69643	33.2432
287.8	3.69643	33.1622
287.9	3.77679	33.1622
288	3.77679	33.1622
288.1	3.77679	33.0811
288.2	3.77679	33.0811
288.3	3.85714	33.0811
288.4	3.85714	33.2432
288.5	3.77679	33.2432
288.6	3.77679	33.2432
288.7	3.77679	33.2432
288.8	3.69643	33.2432
288.9	3.77679	33.2432
289	3.77679	33.2432
289.1	3.77679	33.2432
289.2	3.77679	33.2432
289.3	3.69643	33.2432
289.4	3.69643	33.2432
289.5	3.69643	33.2432
289.6	3.69643	33.2432
289.7	3.69643	33.3243
289.8	3.69643	33.2432
289.9	3.61607	33.1622
290	3.61607	33.1622
290.1	3.77679	33.2432
290.2	3.77679	33.2432
290.3	3.77679	33.2432
290.4	3.69643	33.2432
290.5	3.69643	33.2432
290.6	3.69643	33.2432
290.7	3.69643	33.3243
290.8	3.69643	33.2432
290.9	3.69643	33.3243
291	3.69643	33.3243
291.1	3.69643	33.3243
291.2	3.69643	33.3243
291.3	3.69643	33.3243
291.4	3.61607	33.2432
291.5	3.69643	33.2432
291.6	3.85714	33.2432
291.7	3.85714	33.2432
291.8	4.41964	33.4054
291.9	4.41964	33.4054
292	4.41964	33.4054
292.1	4.41964	33.4865
292.2	4.41964	33.4865
292.3	4.25893	33.5676
292.4	4.09821	33.7297
292.5	4.09821	33.7297
292.6	4.09821	33.7297
292.7	4.09821	33.7297
292.8	4.17857	33.6486
292.9	4.17857	33.4865
293	4.17857	33.4865
293.1	4.01786	33.4865
293.2	4.01786	33.4865
293.3	3.9375	33.4054
293.4	3.9375	33.4054
293.5	4.09821	33.2432
293.6	4.33929	33.1622
293.7	4.5	33
293.8	4.5	32.9189
293.9	4.5	32.8378
294	4.5	32.8378
294.1	4.41964	32.8378
294.2	4.41964	32.8378
294.3	4.58036	32.9189
294.4	4.90179	33.0811
294.5	5.0625	33.0811
294.6	5.46429	33.0811
294.7	5.78571	33.0811
294.8	6.26786	33.0811
294.9	6.26786	33.0811
295	6.58929	33
295.1	7.15179	33
295.2	7.15179	33.0811
295.3	6.99107	33
295.4	6.99107	32.9189
295.5	6.99107	32.9189
295.6	7.07143	32.8378
295.7	7.07143	32.8378
295.8	7.07143	32.9189
295.9	7.07143	32.9189
296	7.07143	32.9189
296.1	6.99107	33
296.2	6.99107	33
296.3	6.99107	33
296.4	6.99107	33
296.5	6.99107	33
296.6	6.99107	33
296.7	6.99107	33
296.8	6.99107	33
296.9	6.99107	33
297	6.99107	33
297.1	6.99107	33
297.2	6.99107	33
297.3	6.99107	33
297.4	6.99107	33
297.5	6.91071	33
297.6	6.75	33
297.7	6.66964	33.0811
297.8	6.58929	33.0811
297.9	6.58929	33.0811
298	6.58929	33.0811
298.1	6.42857	32.8378
298.2	6.10714	32.5135
298.3	5.78571	32.1892
298.4	5.54464	32.027
298.5	5.38393	31.8649
298.6	5.38393	31.8649
298.7	5.30357	31.5405
298.8	5.38393	31.2973
298.9	5.38393	31.2162
299	5.0625	30.2432
299.1	4.74107	29.6757
299.2	4.33929	28.8649
299.3	4.33929	28.8649
299.4	3.77679	27.2432
299.5	3.9375	27.2432
299.6	3.77679	27.1622
299.7	3.77679	27.1622
299.8	3.61607	27.4054
299.9	3.61607	27.6486
